<?xml version="1.0" encoding="utf-8"?>
<COLLADA xmlns="http://www.collada.org/2005/11/COLLADASchema" version="1.4.1">
  <asset>
    <contributor>
      <author>Mixamo</author>
      <authoring_tool>COLLADA Mixamo exporter</authoring_tool>
      <comments/>
    </contributor>
    <created>2026-04-28T12:24:19Z</created>
    <modified>2026-04-28T12:24:19Z</modified>
    <revision/>
    <title/>
    <unit meter="0.010000"/>
    <up_axis>Y_UP</up_axis>
  </asset>
  <library_animations>
    <animation id="mixamorig_Hips-anim" name="mixamorig_Hips">
      <source id="mixamorig_Hips-Matrix-animation-input">
        <float_array id="mixamorig_Hips-Matrix-animation-input-array" count="32">

0.000000 0.033333 0.066667 0.100000 0.133333 0.166667 0.200000 0.233333 0.266667 0.300000 0.333333 0.366667 0.400000 0.433333 0.466667 0.500000
0.533333 0.566667 0.600000 0.633333 0.666667 0.700000 0.733333 0.766667 0.800000 0.833333 0.866667 0.900000 0.933333 0.966667 1.000000 1.033333</float_array>
        <technique_common>
          <accessor source="#mixamorig_Hips-Matrix-animation-input-array" count="32">
            <param name="TIME" type="float"/>
          </accessor>
        </technique_common>
      </source>
      <source id="mixamorig_Hips-Matrix-animation-output-transform">
        <float_array id="mixamorig_Hips-Matrix-animation-output-transform-array" count="512">

0.755038 -0.140032 -0.640554 11.663915 -0.108038 0.937006 -0.332187 73.412956 0.646719 0.320018 0.692346 -1.277806 0.000000 0.000000 0.000000 1.000000
0.733478 -0.179875 -0.655480 11.894078 -0.082373 0.933718 -0.348403 74.886917 0.674703 0.309540 0.670045 2.074190 0.000000 0.000000 0.000000 1.000000
0.706485 -0.205187 -0.677331 12.247333 -0.067059 0.933336 -0.352686 75.854858 0.704544 0.294588 0.645628 5.289886 0.000000 0.000000 0.000000 1.000000
0.687016 -0.209457 -0.695800 12.598211 -0.066788 0.935299 -0.347498 76.231903 0.723567 0.285207 0.628576 8.560491 0.000000 0.000000 0.000000 1.000000
0.683672 -0.203967 -0.700707 12.841280 -0.082887 0.932234 -0.352234 75.895508 0.725067 0.298892 0.620436 12.051980 0.000000 0.000000 0.000000 1.000000
0.697938 -0.200677 -0.687467 12.997543 -0.108786 0.919090 -0.378733 74.802040 0.707847 0.339119 0.619637 15.852374 0.000000 0.000000 0.000000 1.000000
0.719332 -0.200494 -0.665104 13.169714 -0.126141 0.903828 -0.408882 73.216240 0.683118 0.378019 0.624862 19.997231 0.000000 0.000000 0.000000 1.000000
0.728767 -0.198859 -0.655250 13.428175 -0.128675 0.900088 -0.416276 71.422958 0.672563 0.387682 0.630366 24.539524 0.000000 0.000000 0.000000 1.000000
0.723643 -0.194150 -0.662304 13.771584 -0.121690 0.908692 -0.399337 69.765350 0.679362 0.369573 0.633943 29.233084 0.000000 0.000000 0.000000 1.000000
0.713773 -0.185976 -0.675234 14.155426 -0.113243 0.920770 -0.373309 68.571373 0.691161 0.342923 0.636160 33.767132 0.000000 0.000000 0.000000 1.000000
0.704584 -0.175904 -0.687473 14.441689 -0.106717 0.931506 -0.347717 67.590187 0.701550 0.318361 0.637553 37.976177 0.000000 0.000000 0.000000 1.000000
0.698012 -0.164256 -0.696993 14.518923 -0.103089 0.940148 -0.324799 66.907120 0.708627 0.298566 0.639302 41.820301 0.000000 0.000000 0.000000 1.000000
0.697293 -0.151274 -0.700642 14.483423 -0.105967 0.944980 -0.309490 66.866737 0.708910 0.290050 0.642897 45.588146 0.000000 0.000000 0.000000 1.000000
0.702552 -0.138788 -0.697967 14.548534 -0.118606 0.944243 -0.307144 67.698349 0.701678 0.298568 0.646919 49.344261 0.000000 0.000000 0.000000 1.000000
0.710838 -0.131216 -0.691008 14.698691 -0.135652 0.938423 -0.317743 69.146889 0.690151 0.319600 0.649267 52.857307 0.000000 0.000000 0.000000 1.000000
0.716754 -0.125450 -0.685949 14.841610 -0.155688 0.930065 -0.332776 70.792564 0.679724 0.345312 0.647097 56.122746 0.000000 0.000000 0.000000 1.000000
0.711489 -0.121732 -0.692073 14.929459 -0.164120 0.928854 -0.332106 72.407578 0.683263 0.349873 0.640891 59.241936 0.000000 0.000000 0.000000 1.000000
0.693453 -0.120455 -0.710361 14.937236 -0.155839 0.937512 -0.311102 74.060188 0.703446 0.326437 0.631349 62.297344 0.000000 0.000000 0.000000 1.000000
0.679827 -0.119537 -0.723565 14.874929 -0.139238 0.947643 -0.287378 75.154381 0.720034 0.296115 0.627589 65.650803 0.000000 0.000000 0.000000 1.000000
0.676578 -0.119720 -0.726573 14.727197 -0.112478 0.958315 -0.262643 75.417114 0.727730 0.259422 0.634909 69.403244 0.000000 0.000000 0.000000 1.000000
0.693309 -0.118483 -0.710833 14.502636 -0.088036 0.965078 -0.246726 75.130386 0.715243 0.233636 0.658667 73.210281 0.000000 0.000000 0.000000 1.000000
0.724452 -0.117373 -0.679259 14.188560 -0.065784 0.969128 -0.237621 74.162872 0.686179 0.216829 0.694365 77.230026 0.000000 0.000000 0.000000 1.000000
0.748111 -0.121861 -0.652288 13.801552 -0.048102 0.970448 -0.236469 72.958649 0.661828 0.208282 0.720141 81.523979 0.000000 0.000000 0.000000 1.000000
0.757918 -0.123559 -0.640541 13.498018 -0.055364 0.966173 -0.251882 72.102890 0.649996 0.226369 0.725439 85.674736 0.000000 0.000000 0.000000 1.000000
0.758535 -0.119187 -0.640639 13.155617 -0.084087 0.957008 -0.277607 71.010010 0.646184 0.264444 0.715902 89.893745 0.000000 0.000000 0.000000 1.000000
0.753971 -0.103719 -0.648668 12.779522 -0.126681 0.945965 -0.298501 69.310272 0.644577 0.307235 0.700091 93.919159 0.000000 0.000000 0.000000 1.000000
0.751148 -0.075191 -0.655838 12.408730 -0.171324 0.937246 -0.303675 67.497604 0.637515 0.340466 0.691128 97.405785 0.000000 0.000000 0.000000 1.000000
0.757736 -0.053664 -0.650351 12.170388 -0.189194 0.935741 -0.297647 66.794136 0.624533 0.348581 0.698892 100.892204 0.000000 0.000000 0.000000 1.000000
0.767771 -0.054448 -0.638406 11.928899 -0.176871 0.939656 -0.292853 67.747154 0.615828 0.337759 0.711811 104.638748 0.000000 0.000000 0.000000 1.000000
0.771062 -0.071013 -0.632787 11.743645 -0.157284 0.941729 -0.297336 69.517860 0.617029 0.328792 0.714962 108.416962 0.000000 0.000000 0.000000 1.000000
0.766812 -0.101108 -0.633858 11.599536 -0.134036 0.940522 -0.312175 71.582443 0.627721 0.324340 0.707651 112.088844 0.000000 0.000000 0.000000 1.000000
0.755039 -0.139995 -0.640560 11.659924 -0.108086 0.937001 -0.332186 73.415024 0.646710 0.320048 0.692341 115.621719 0.000000 0.000000 0.000000 1.000000</float_array>
        <technique_common>
          <accessor source="#mixamorig_Hips-Matrix-animation-output-transform-array" count="32" stride="16">
            <param type="float4x4"/>
          </accessor>
        </technique_common>
      </source>
      <source id="mixamorig_Hips-Interpolations">
        <Name_array id="mixamorig_Hips-Interpolations-array" count="32">
 LINEAR LINEAR LINEAR LINEAR LINEAR LINEAR LINEAR LINEAR LINEAR LINEAR LINEAR
LINEAR LINEAR LINEAR LINEAR LINEAR LINEAR LINEAR LINEAR LINEAR LINEAR LINEAR LINEAR
LINEAR LINEAR LINEAR LINEAR LINEAR LINEAR LINEAR LINEAR LINEAR</Name_array>
        <technique_common>
          <accessor source="#mixamorig_Hips-Interpolations-array" count="32">
            <param type="name"/>
          </accessor>
        </technique_common>
      </source>
      <sampler id="mixamorig_Hips-Matrix-animation-transform">
        <input semantic="INPUT" source="#mixamorig_Hips-Matrix-animation-input"/>
        <input semantic="OUTPUT" source="#mixamorig_Hips-Matrix-animation-output-transform"/>
        <input semantic="INTERPOLATION" source="#mixamorig_Hips-Interpolations"/>
      </sampler>
      <channel source="#mixamorig_Hips-Matrix-animation-transform" target="mixamorig_Hips/matrix"/>
    </animation>
    <animation id="mixamorig_Spine-anim" name="mixamorig_Spine">
      <source id="mixamorig_Spine-Matrix-animation-input">
        <float_array id="mixamorig_Spine-Matrix-animation-input-array" count="32">

0.000000 0.033333 0.066667 0.100000 0.133333 0.166667 0.200000 0.233333 0.266667 0.300000 0.333333 0.366667 0.400000 0.433333 0.466667 0.500000
0.533333 0.566667 0.600000 0.633333 0.666667 0.700000 0.733333 0.766667 0.800000 0.833333 0.866667 0.900000 0.933333 0.966667 1.000000 1.033333</float_array>
        <technique_common>
          <accessor source="#mixamorig_Spine-Matrix-animation-input-array" count="32">
            <param name="TIME" type="float"/>
          </accessor>
        </technique_common>
      </source>
      <source id="mixamorig_Spine-Matrix-animation-output-transform">
        <float_array id="mixamorig_Spine-Matrix-animation-output-transform-array" count="512">

0.999595 -0.020667 -0.019570 -0.000000 0.016690 0.982568 -0.185150 7.722000 0.023056 0.184749 0.982515 1.166200 0.000000 0.000000 0.000000 1.000000
0.999772 -0.006330 -0.020409 0.000000 0.002546 0.983599 -0.180350 7.722000 0.021215 0.180257 0.983391 1.166200 0.000000 0.000000 0.000000 1.000000
0.999784 0.006725 -0.019682 0.000000 -0.010113 0.984084 -0.177416 7.722000 0.018176 0.177576 0.983939 1.166200 0.000000 0.000000 0.000000 1.000000
0.999760 0.012513 -0.017984 0.000000 -0.015488 0.984231 -0.176209 7.722000 0.015496 0.176446 0.984188 1.166200 0.000000 0.000000 0.000000 1.000000
0.999860 0.007319 -0.015040 0.000000 -0.009803 0.984977 -0.172408 7.722000 0.013552 0.172531 0.984911 1.166200 0.000000 0.000000 0.000000 1.000000
0.999910 -0.008132 -0.010651 0.000000 0.006284 0.986562 -0.163269 7.722000 0.011836 0.163187 0.986524 1.166200 0.000000 0.000000 0.000000 1.000000
0.999695 -0.023545 -0.007497 0.000000 0.022120 0.987956 -0.153146 7.722000 0.011012 0.152934 0.988175 1.166200 0.000000 0.000000 0.000000 1.000000
0.999567 -0.028836 -0.005862 0.000000 0.027635 0.988359 -0.149608 7.722000 0.010108 0.149381 0.988728 1.166200 0.000000 0.000000 0.000000 1.000000
0.999745 -0.021537 -0.006765 0.000000 0.020237 0.987845 -0.154121 7.722000 0.010002 0.153945 0.988029 1.166200 0.000000 0.000000 0.000000 1.000000
0.999926 -0.006873 -0.010004 0.000000 0.005154 0.986653 -0.162755 7.722000 0.010989 0.162691 0.986616 1.166200 0.000000 0.000000 0.000000 1.000000
0.999809 0.012266 -0.015219 0.000000 -0.014706 0.984937 -0.172285 7.722000 0.012877 0.172476 0.984930 1.166200 0.000000 0.000000 0.000000 1.000000
0.999227 0.032004 -0.022820 0.000000 -0.035602 0.982958 -0.180348 7.722000 0.016659 0.181021 0.983338 1.166200 0.000000 0.000000 0.000000 1.000000
0.998760 0.039777 -0.029933 -0.000000 -0.044668 0.981515 -0.186102 7.722000 0.021977 0.187208 0.982074 1.166200 0.000000 0.000000 0.000000 1.000000
0.999040 0.030635 -0.031307 0.000000 -0.035995 0.981465 -0.188230 7.722000 0.024961 0.189177 0.981626 1.166200 0.000000 0.000000 0.000000 1.000000
0.999422 0.018241 -0.028703 0.000000 -0.023272 0.982262 -0.186065 7.722000 0.024800 0.186626 0.982118 1.166200 0.000000 0.000000 0.000000 1.000000
0.999703 0.007359 -0.023236 0.000000 -0.011444 0.983437 -0.180886 7.722000 0.021520 0.181099 0.983229 1.166200 0.000000 0.000000 0.000000 1.000000
0.999803 0.007133 -0.018498 0.000000 -0.010340 0.983704 -0.179499 7.722000 0.016917 0.179655 0.983584 1.166200 0.000000 0.000000 0.000000 1.000000
0.999665 0.019998 -0.016453 -0.000000 -0.022688 0.982646 -0.184097 7.722000 0.012485 0.184409 0.982770 1.166200 0.000000 0.000000 0.000000 1.000000
0.999289 0.033345 -0.017606 -0.000000 -0.036085 0.981138 -0.189909 7.722000 0.010941 0.190409 0.981644 1.166200 0.000000 0.000000 0.000000 1.000000
0.998717 0.044989 -0.023233 0.000000 -0.048689 0.979235 -0.196794 7.722000 0.013897 0.197673 0.980170 1.166200 0.000000 0.000000 0.000000 1.000000
0.998317 0.048955 -0.031106 -0.000000 -0.054234 0.978011 -0.201379 7.722000 0.020564 0.202727 0.979019 1.166200 0.000000 0.000000 0.000000 1.000000
0.997966 0.047802 -0.042173 0.000000 -0.055356 0.977932 -0.201456 7.722000 0.031612 0.203381 0.978589 1.166200 0.000000 0.000000 0.000000 1.000000
0.997539 0.047345 -0.051721 -0.000000 -0.056741 0.978408 -0.198740 7.722000 0.041195 0.201186 0.978686 1.166200 0.000000 0.000000 0.000000 1.000000
0.998143 0.036788 -0.048544 0.000000 -0.045568 0.979868 -0.194374 7.722000 0.040416 0.196225 0.979726 1.166200 0.000000 0.000000 0.000000 1.000000
0.998960 0.019747 -0.041103 0.000000 -0.027137 0.981826 -0.187831 7.722000 0.036647 0.188751 0.981341 1.166200 0.000000 0.000000 0.000000 1.000000
0.999493 -0.001750 -0.031803 -0.000000 -0.004074 0.983264 -0.182141 7.722000 0.031590 0.182178 0.982758 1.166200 0.000000 0.000000 0.000000 1.000000
0.999347 -0.031153 -0.018328 -0.000000 0.027324 0.983079 -0.181132 7.722000 0.023661 0.180513 0.983288 1.166200 0.000000 0.000000 0.000000 1.000000
0.998542 -0.052869 -0.010862 -0.000000 0.049963 0.981566 -0.184478 7.722000 0.020414 0.183666 0.982777 1.166200 0.000000 0.000000 0.000000 1.000000
0.998440 -0.054484 -0.012226 0.000000 0.051205 0.980697 -0.188710 7.722000 0.022272 0.187790 0.981957 1.166200 0.000000 0.000000 0.000000 1.000000
0.998838 -0.045758 -0.015125 0.000000 0.042049 0.980807 -0.190392 7.722000 0.023546 0.189535 0.981592 1.166200 0.000000 0.000000 0.000000 1.000000
0.999303 -0.032705 -0.017971 0.000000 0.028723 0.981541 -0.189085 7.722000 0.023823 0.188437 0.981796 1.166200 0.000000 0.000000 0.000000 1.000000
0.999594 -0.020713 -0.019553 0.000000 0.016738 0.982568 -0.185151 7.722000 0.023047 0.184749 0.982516 1.166200 0.000000 0.000000 0.000000 1.000000</float_array>
        <technique_common>
          <accessor source="#mixamorig_Spine-Matrix-animation-output-transform-array" count="32" stride="16">
            <param type="float4x4"/>
          </accessor>
        </technique_common>
      </source>
      <source id="mixamorig_Spine-Interpolations">
        <Name_array id="mixamorig_Spine-Interpolations-array" count="32">
 LINEAR LINEAR LINEAR LINEAR LINEAR LINEAR LINEAR LINEAR LINEAR LINEAR LINEAR
LINEAR LINEAR LINEAR LINEAR LINEAR LINEAR LINEAR LINEAR LINEAR LINEAR LINEAR LINEAR
LINEAR LINEAR LINEAR LINEAR LINEAR LINEAR LINEAR LINEAR LINEAR</Name_array>
        <technique_common>
          <accessor source="#mixamorig_Spine-Interpolations-array" count="32">
            <param type="name"/>
          </accessor>
        </technique_common>
      </source>
      <sampler id="mixamorig_Spine-Matrix-animation-transform">
        <input semantic="INPUT" source="#mixamorig_Spine-Matrix-animation-input"/>
        <input semantic="OUTPUT" source="#mixamorig_Spine-Matrix-animation-output-transform"/>
        <input semantic="INTERPOLATION" source="#mixamorig_Spine-Interpolations"/>
      </sampler>
      <channel source="#mixamorig_Spine-Matrix-animation-transform" target="mixamorig_Spine/matrix"/>
    </animation>
    <animation id="mixamorig_Spine1-anim" name="mixamorig_Spine1">
      <source id="mixamorig_Spine1-Matrix-animation-input">
        <float_array id="mixamorig_Spine1-Matrix-animation-input-array" count="32">

0.000000 0.033333 0.066667 0.100000 0.133333 0.166667 0.200000 0.233333 0.266667 0.300000 0.333333 0.366667 0.400000 0.433333 0.466667 0.500000
0.533333 0.566667 0.600000 0.633333 0.666667 0.700000 0.733333 0.766667 0.800000 0.833333 0.866667 0.900000 0.933333 0.966667 1.000000 1.033333</float_array>
        <technique_common>
          <accessor source="#mixamorig_Spine1-Matrix-animation-input-array" count="32">
            <param name="TIME" type="float"/>
          </accessor>
        </technique_common>
      </source>
      <source id="mixamorig_Spine1-Matrix-animation-output-transform">
        <float_array id="mixamorig_Spine1-Matrix-animation-output-transform-array" count="512">

0.995661 0.030759 -0.087819 0.000000 -0.050067 0.972610 -0.226986 9.598400 0.078432 0.230398 0.969930 0.000000 0.000000 0.000000 0.000000 1.000000
0.995512 0.049129 -0.080883 -0.000000 -0.065923 0.973213 -0.220252 9.598400 0.067896 0.224595 0.972084 -0.000000 0.000000 0.000000 0.000000 1.000000
0.995414 0.064425 -0.070708 0.000000 -0.078411 0.972933 -0.217377 9.598400 0.054790 0.221924 0.973523 0.000000 0.000000 0.000000 0.000000 1.000000
0.995591 0.070447 -0.061938 -0.000000 -0.082368 0.972491 -0.217894 9.598400 0.044884 0.222035 0.974005 0.000000 0.000000 0.000000 0.000000 1.000000
0.996261 0.063805 -0.058251 0.000000 -0.074864 0.974089 -0.213413 9.598400 0.043124 0.216976 0.975224 0.000000 0.000000 0.000000 0.000000 1.000000
0.997027 0.046319 -0.061580 0.000000 -0.057726 0.978353 -0.198728 9.598400 0.051042 0.201692 0.978118 -0.000000 0.000000 0.000000 0.000000 1.000000
0.997183 0.029420 -0.068992 -0.000000 -0.041559 0.982469 -0.181733 9.598400 0.062436 0.184089 0.980925 0.000000 0.000000 0.000000 0.000000 1.000000
0.997130 0.025554 -0.071271 -0.000000 -0.037760 0.983741 -0.175577 9.598400 0.065626 0.177764 0.981883 0.000000 0.000000 0.000000 0.000000 1.000000
0.997415 0.032319 -0.064170 -0.000000 -0.043640 0.982007 -0.183735 9.598400 0.057078 0.186061 0.980879 0.000000 0.000000 0.000000 0.000000 1.000000
0.997873 0.040058 -0.051421 0.000000 -0.049592 0.978518 -0.200106 9.598400 0.042301 0.202230 0.978424 -0.000000 0.000000 0.000000 0.000000 1.000000
0.998312 0.043601 -0.038366 0.000000 -0.050935 0.974692 -0.217671 9.598400 0.027905 0.219258 0.975268 0.000000 0.000000 0.000000 0.000000 1.000000
0.998699 0.042098 -0.028782 0.000000 -0.047630 0.971677 -0.231462 9.598400 0.018223 0.232532 0.972418 0.000000 0.000000 0.000000 0.000000 1.000000
0.999097 0.034292 -0.025088 -0.000000 -0.039324 0.969909 -0.240272 9.598400 0.016094 0.241041 0.970381 -0.000000 0.000000 0.000000 0.000000 1.000000
0.999396 0.022820 -0.026218 0.000000 -0.028496 0.969832 -0.242102 9.598400 0.019902 0.242703 0.969896 0.000000 0.000000 0.000000 0.000000 1.000000
0.999500 0.013785 -0.028466 0.000000 -0.020104 0.971713 -0.235308 9.598400 0.024417 0.235763 0.971504 0.000000 0.000000 0.000000 0.000000 1.000000
0.999524 0.007823 -0.029845 0.000000 -0.014276 0.974810 -0.222580 9.598400 0.027352 0.222900 0.974457 -0.000000 0.000000 0.000000 0.000000 1.000000
0.999510 0.010966 -0.029327 -0.000000 -0.017114 0.975698 -0.218449 9.598400 0.026219 0.218844 0.975408 0.000000 0.000000 0.000000 0.000000 1.000000
0.999295 0.026535 -0.026562 -0.000000 -0.031884 0.973336 -0.227157 9.598400 0.019826 0.227844 0.973496 0.000000 0.000000 0.000000 0.000000 1.000000
0.998721 0.041899 -0.028312 0.000000 -0.047440 0.970174 -0.237721 9.598400 0.017508 0.238760 0.970921 0.000000 0.000000 0.000000 0.000000 1.000000
0.997767 0.054994 -0.037900 0.000000 -0.062735 0.966385 -0.249328 9.598400 0.022915 0.251149 0.967677 -0.000000 0.000000 0.000000 0.000000 1.000000
0.996759 0.058789 -0.054914 0.000000 -0.071008 0.963776 -0.257087 9.598400 0.037811 0.260153 0.964827 0.000000 0.000000 0.000000 0.000000 1.000000
0.995733 0.053953 -0.074862 -0.000000 -0.071698 0.963056 -0.259583 9.598400 0.058091 0.263843 0.962815 -0.000000 0.000000 0.000000 0.000000 1.000000
0.995001 0.047819 -0.087670 0.000000 -0.069052 0.963652 -0.258082 9.598400 0.072142 0.262845 0.962137 0.000000 0.000000 0.000000 0.000000 1.000000
0.995048 0.036595 -0.092419 0.000000 -0.058758 0.966478 -0.249934 9.598400 0.080174 0.254127 0.963842 0.000000 0.000000 0.000000 0.000000 1.000000
0.995557 0.019501 -0.092119 0.000000 -0.040829 0.970968 -0.235698 9.598400 0.084849 0.238412 0.967451 0.000000 0.000000 0.000000 0.000000 1.000000
0.995900 0.003631 -0.090393 -0.000000 -0.023756 0.974625 -0.222580 9.598400 0.087291 0.223815 0.970715 0.000000 0.000000 0.000000 0.000000 1.000000
0.995818 -0.003330 -0.091295 0.000000 -0.016750 0.975739 -0.218296 9.598400 0.089807 0.218912 0.971603 0.000000 0.000000 0.000000 0.000000 1.000000
0.995418 -0.003262 -0.095560 -0.000000 -0.018223 0.974627 -0.223091 9.598400 0.093863 0.223811 0.970102 -0.000000 0.000000 0.000000 0.000000 1.000000
0.995200 -0.000760 -0.097857 0.000000 -0.021908 0.972858 -0.230362 9.598400 0.095376 0.231401 0.968172 0.000000 0.000000 0.000000 0.000000 1.000000
0.995428 0.004216 -0.095427 -0.000000 -0.026560 0.971846 -0.234115 9.598400 0.091753 0.235579 0.967514 0.000000 0.000000 0.000000 0.000000 1.000000
0.995684 0.014653 -0.091644 -0.000000 -0.035730 0.971865 -0.232813 9.598400 0.085654 0.235083 0.968194 -0.000000 0.000000 0.000000 0.000000 1.000000
0.995661 0.030759 -0.087819 0.000000 -0.050067 0.972610 -0.226986 9.598400 0.078432 0.230398 0.969930 -0.000000 0.000000 0.000000 0.000000 1.000000</float_array>
        <technique_common>
          <accessor source="#mixamorig_Spine1-Matrix-animation-output-transform-array" count="32" stride="16">
            <param type="float4x4"/>
          </accessor>
        </technique_common>
      </source>
      <source id="mixamorig_Spine1-Interpolations">
        <Name_array id="mixamorig_Spine1-Interpolations-array" count="32">
 LINEAR LINEAR LINEAR LINEAR LINEAR LINEAR LINEAR LINEAR LINEAR LINEAR LINEAR
LINEAR LINEAR LINEAR LINEAR LINEAR LINEAR LINEAR LINEAR LINEAR LINEAR LINEAR LINEAR
LINEAR LINEAR LINEAR LINEAR LINEAR LINEAR LINEAR LINEAR LINEAR</Name_array>
        <technique_common>
          <accessor source="#mixamorig_Spine1-Interpolations-array" count="32">
            <param type="name"/>
          </accessor>
        </technique_common>
      </source>
      <sampler id="mixamorig_Spine1-Matrix-animation-transform">
        <input semantic="INPUT" source="#mixamorig_Spine1-Matrix-animation-input"/>
        <input semantic="OUTPUT" source="#mixamorig_Spine1-Matrix-animation-output-transform"/>
        <input semantic="INTERPOLATION" source="#mixamorig_Spine1-Interpolations"/>
      </sampler>
      <channel source="#mixamorig_Spine1-Matrix-animation-transform" target="mixamorig_Spine1/matrix"/>
    </animation>
    <animation id="mixamorig_Spine2-anim" name="mixamorig_Spine2">
      <source id="mixamorig_Spine2-Matrix-animation-input">
        <float_array id="mixamorig_Spine2-Matrix-animation-input-array" count="32">

0.000000 0.033333 0.066667 0.100000 0.133333 0.166667 0.200000 0.233333 0.266667 0.300000 0.333333 0.366667 0.400000 0.433333 0.466667 0.500000
0.533333 0.566667 0.600000 0.633333 0.666667 0.700000 0.733333 0.766667 0.800000 0.833333 0.866667 0.900000 0.933333 0.966667 1.000000 1.033333</float_array>
        <technique_common>
          <accessor source="#mixamorig_Spine2-Matrix-animation-input-array" count="32">
            <param name="TIME" type="float"/>
          </accessor>
        </technique_common>
      </source>
      <source id="mixamorig_Spine2-Matrix-animation-output-transform">
        <float_array id="mixamorig_Spine2-Matrix-animation-output-transform-array" count="512">

0.995693 0.027824 -0.088433 0.000000 -0.056498 0.938408 -0.340880 11.048200 0.073502 0.344408 0.935938 -0.000000 0.000000 0.000000 0.000000 1.000000
0.995561 0.046306 -0.081941 -0.000000 -0.071237 0.939711 -0.334468 11.048200 0.061513 0.338820 0.938838 0.000000 0.000000 0.000000 0.000000 1.000000
0.995466 0.061851 -0.072263 0.000000 -0.082472 0.939758 -0.331743 11.048200 0.047391 0.336199 0.940598 -0.000000 0.000000 0.000000 0.000000 1.000000
0.995652 0.068137 -0.063512 0.000000 -0.085479 0.939283 -0.332326 11.048200 0.037012 0.336310 0.941024 0.000000 0.000000 0.000000 0.000000 1.000000
0.996352 0.061614 -0.059047 -0.000000 -0.077665 0.941425 -0.328157 11.048200 0.035369 0.331546 0.942776 0.000000 0.000000 0.000000 0.000000 1.000000
0.997176 0.043937 -0.060900 0.000000 -0.060933 0.947395 -0.314213 11.048200 0.043891 0.317037 0.947397 0.000000 0.000000 0.000000 0.000000 1.000000
0.997397 0.026591 -0.067019 -0.000000 -0.045444 0.953480 -0.298010 11.048200 0.055977 0.300280 0.952207 0.000000 0.000000 0.000000 0.000000 1.000000
0.997352 0.022546 -0.069147 0.000000 -0.041849 0.955479 -0.292075 11.048200 0.059483 0.294195 0.953892 0.000000 0.000000 0.000000 0.000000 1.000000
0.997586 0.029649 -0.062791 0.000000 -0.047189 0.952835 -0.299797 11.048200 0.050941 0.302037 0.951934 0.000000 0.000000 0.000000 0.000000 1.000000
0.997975 0.037975 -0.051024 -0.000000 -0.052181 0.947517 -0.315417 11.048200 0.036368 0.317441 0.947580 -0.000000 0.000000 0.000000 0.000000 1.000000
0.998354 0.042073 -0.038973 0.000000 -0.052655 0.941735 -0.332209 11.048200 0.022725 0.333714 0.942400 0.000000 0.000000 0.000000 0.000000 1.000000
0.998703 0.040899 -0.030324 -0.000000 -0.048867 0.937182 -0.345401 11.048200 0.014292 0.346435 0.937965 0.000000 0.000000 0.000000 0.000000 1.000000
0.999093 0.033274 -0.026572 0.000000 -0.040532 0.934411 -0.353883 11.048200 0.013054 0.354639 0.934912 -0.000000 0.000000 0.000000 0.000000 1.000000
0.999404 0.021924 -0.026666 0.000000 -0.029982 0.934118 -0.355703 11.048200 0.017111 0.356291 0.934218 0.000000 0.000000 0.000000 0.000000 1.000000
0.999519 0.012924 -0.028201 0.000000 -0.021965 0.936793 -0.349194 11.048200 0.021906 0.349645 0.936626 0.000000 0.000000 0.000000 0.000000 1.000000
0.999546 0.006969 -0.029311 0.000000 -0.016443 0.941389 -0.336922 11.048200 0.025245 0.337251 0.941076 0.000000 0.000000 0.000000 0.000000 1.000000
0.999520 0.010082 -0.029292 -0.000000 -0.019265 0.942765 -0.332900 11.048200 0.024259 0.333305 0.942507 -0.000000 0.000000 0.000000 0.000000 1.000000
0.999284 0.025604 -0.027839 0.000000 -0.033576 0.939375 -0.341244 11.048200 0.017414 0.341935 0.939562 0.000000 0.000000 0.000000 0.000000 1.000000
0.998694 0.040813 -0.030742 0.000000 -0.049023 0.934966 -0.351334 11.048200 0.014404 0.352383 0.935745 0.000000 0.000000 0.000000 0.000000 1.000000
0.997718 0.053571 -0.041104 0.000000 -0.064852 0.929781 -0.362357 11.048200 0.018806 0.364195 0.931133 -0.000000 0.000000 0.000000 0.000000 1.000000
0.996675 0.056822 -0.058395 -0.000000 -0.074460 0.926196 -0.369616 11.048200 0.033083 0.372735 0.927348 0.000000 0.000000 0.000000 0.000000 1.000000
0.995628 0.051236 -0.078106 0.000000 -0.076778 0.925117 -0.371838 11.048200 0.053206 0.376209 0.925006 0.000000 0.000000 0.000000 0.000000 1.000000
0.994901 0.044478 -0.090517 -0.000000 -0.075085 0.925857 -0.370338 11.048200 0.067334 0.375246 0.924476 0.000000 0.000000 0.000000 0.000000 1.000000
0.994960 0.033072 -0.094662 -0.000000 -0.065394 0.929673 -0.362535 11.048200 0.076015 0.366898 0.927150 -0.000000 0.000000 0.000000 0.000000 1.000000
0.995479 0.016093 -0.093608 0.000000 -0.047937 0.935938 -0.348887 11.048200 0.081996 0.351797 0.932478 0.000000 0.000000 0.000000 0.000000 1.000000
0.995822 0.000386 -0.091312 0.000000 -0.031198 0.941253 -0.336259 11.048200 0.085818 0.337703 0.937332 -0.000000 0.000000 0.000000 0.000000 1.000000
0.995738 -0.006529 -0.091991 0.000000 -0.024499 0.942924 -0.332107 11.048200 0.088909 0.332945 0.938745 0.000000 0.000000 0.000000 0.000000 1.000000
0.995351 -0.006507 -0.096095 0.000000 -0.026358 0.941226 -0.336749 11.048200 0.092638 0.337716 0.936678 0.000000 0.000000 0.000000 0.000000 1.000000
0.995158 -0.003971 -0.098210 0.000000 -0.030187 0.938546 -0.343830 11.048200 0.093540 0.345130 0.933882 -0.000000 0.000000 0.000000 0.000000 1.000000
0.995410 0.001124 -0.095700 0.000000 -0.034472 0.937029 -0.347547 11.048200 0.089283 0.349251 0.932766 0.000000 0.000000 0.000000 0.000000 1.000000
0.995688 0.011664 -0.092026 0.000000 -0.042992 0.937105 -0.346391 11.048200 0.082198 0.348853 0.933566 0.000000 0.000000 0.000000 0.000000 1.000000
0.995693 0.027824 -0.088433 0.000000 -0.056498 0.938408 -0.340880 11.048200 0.073502 0.344408 0.935938 0.000000 0.000000 0.000000 0.000000 1.000000</float_array>
        <technique_common>
          <accessor source="#mixamorig_Spine2-Matrix-animation-output-transform-array" count="32" stride="16">
            <param type="float4x4"/>
          </accessor>
        </technique_common>
      </source>
      <source id="mixamorig_Spine2-Interpolations">
        <Name_array id="mixamorig_Spine2-Interpolations-array" count="32">
 LINEAR LINEAR LINEAR LINEAR LINEAR LINEAR LINEAR LINEAR LINEAR LINEAR LINEAR
LINEAR LINEAR LINEAR LINEAR LINEAR LINEAR LINEAR LINEAR LINEAR LINEAR LINEAR LINEAR
LINEAR LINEAR LINEAR LINEAR LINEAR LINEAR LINEAR LINEAR LINEAR</Name_array>
        <technique_common>
          <accessor source="#mixamorig_Spine2-Interpolations-array" count="32">
            <param type="name"/>
          </accessor>
        </technique_common>
      </source>
      <sampler id="mixamorig_Spine2-Matrix-animation-transform">
        <input semantic="INPUT" source="#mixamorig_Spine2-Matrix-animation-input"/>
        <input semantic="OUTPUT" source="#mixamorig_Spine2-Matrix-animation-output-transform"/>
        <input semantic="INTERPOLATION" source="#mixamorig_Spine2-Interpolations"/>
      </sampler>
      <channel source="#mixamorig_Spine2-Matrix-animation-transform" target="mixamorig_Spine2/matrix"/>
    </animation>
    <animation id="mixamorig_Neck-anim" name="mixamorig_Neck">
      <source id="mixamorig_Neck-Matrix-animation-input">
        <float_array id="mixamorig_Neck-Matrix-animation-input-array" count="32">

0.000000 0.033333 0.066667 0.100000 0.133333 0.166667 0.200000 0.233333 0.266667 0.300000 0.333333 0.366667 0.400000 0.433333 0.466667 0.500000
0.533333 0.566667 0.600000 0.633333 0.666667 0.700000 0.733333 0.766667 0.800000 0.833333 0.866667 0.900000 0.933333 0.966667 1.000000 1.033333</float_array>
        <technique_common>
          <accessor source="#mixamorig_Neck-Matrix-animation-input-array" count="32">
            <param name="TIME" type="float"/>
          </accessor>
        </technique_common>
      </source>
      <source id="mixamorig_Neck-Matrix-animation-output-transform">
        <float_array id="mixamorig_Neck-Matrix-animation-output-transform-array" count="512">

0.994537 -0.039217 0.096734 -0.001600 0.042413 0.998613 -0.031203 21.684401 -0.095376 0.035135 0.994821 -3.096600 0.000000 0.000000 0.000000 1.000000
0.994602 -0.038240 0.096463 -0.001600 0.041727 0.998537 -0.034394 21.684401 -0.095007 0.038233 0.994742 -3.096600 0.000000 0.000000 0.000000 1.000000
0.994671 -0.037165 0.096169 -0.001600 0.040728 0.998545 -0.035355 21.684401 -0.094715 0.039083 0.994737 -3.096600 0.000000 0.000000 0.000000 1.000000
0.994678 -0.037739 0.095876 -0.001600 0.041278 0.998527 -0.035202 21.684401 -0.094406 0.038972 0.994771 -3.096600 0.000000 0.000000 0.000000 1.000000
0.994588 -0.039861 0.095950 -0.001600 0.043426 0.998431 -0.035359 21.684401 -0.094390 0.039334 0.994758 -3.096600 0.000000 0.000000 0.000000 1.000000
0.994413 -0.043386 0.096231 -0.001600 0.046965 0.998275 -0.035245 21.684401 -0.094536 0.039567 0.994735 -3.096600 0.000000 0.000000 0.000000 1.000000
0.994196 -0.048973 0.095795 -0.001600 0.052468 0.998033 -0.034312 21.684401 -0.093926 0.039139 0.994810 -3.096600 0.000000 0.000000 0.000000 1.000000
0.993989 -0.056097 0.094014 -0.001600 0.059373 0.997709 -0.032415 21.684401 -0.091980 0.037802 0.995043 -3.096600 0.000000 0.000000 0.000000 1.000000
0.993831 -0.063405 0.090997 -0.001600 0.066168 0.997425 -0.027665 21.684401 -0.089009 0.033516 0.995467 -3.096600 0.000000 0.000000 0.000000 1.000000
0.993810 -0.068714 0.087289 -0.001600 0.070570 0.997338 -0.018360 21.684401 -0.085795 0.024407 0.996014 -3.096600 0.000000 0.000000 0.000000 1.000000
0.994065 -0.069291 0.083870 -0.001600 0.070207 0.997500 -0.008013 21.684401 -0.083105 0.013854 0.996444 -3.096600 0.000000 0.000000 0.000000 1.000000
0.994518 -0.065132 0.081802 -0.001600 0.065574 0.997844 -0.002719 21.684401 -0.081449 0.008068 0.996645 -3.096600 0.000000 0.000000 0.000000 1.000000
0.994870 -0.059855 0.081559 -0.001600 0.060273 0.998178 -0.002665 21.684401 -0.081250 0.007567 0.996665 -3.096600 0.000000 0.000000 0.000000 1.000000
0.994911 -0.057683 0.082607 -0.001600 0.058217 0.998296 -0.004071 21.684401 -0.082231 0.008860 0.996574 -3.096600 0.000000 0.000000 0.000000 1.000000
0.994622 -0.061401 0.083414 -0.001600 0.062145 0.998047 -0.006358 21.684401 -0.082860 0.011508 0.996495 -3.096600 0.000000 0.000000 0.000000 1.000000
0.994138 -0.069276 0.083004 -0.001600 0.070425 0.997457 -0.010992 21.684401 -0.082032 0.016773 0.996489 -3.096600 0.000000 0.000000 0.000000 1.000000
0.993758 -0.074022 0.083463 -0.001600 0.075682 0.996989 -0.016898 21.684401 -0.081961 0.023109 0.996368 -3.096600 0.000000 0.000000 0.000000 1.000000
0.993519 -0.074072 0.086222 -0.001600 0.076449 0.996770 -0.024596 21.684401 -0.084122 0.031028 0.995972 -3.096600 0.000000 0.000000 0.000000 1.000000
0.993335 -0.072874 0.089301 -0.001600 0.075984 0.996597 -0.031937 21.684401 -0.086669 0.038509 0.995493 -3.096600 0.000000 0.000000 0.000000 1.000000
0.993201 -0.070640 0.092527 -0.001600 0.074451 0.996485 -0.038399 21.684401 -0.089489 0.045027 0.994969 -3.096600 0.000000 0.000000 0.000000 1.000000
0.992931 -0.071582 0.094681 -0.001600 0.075754 0.996274 -0.041232 21.684401 -0.091377 0.048113 0.994653 -3.096600 0.000000 0.000000 0.000000 1.000000
0.992599 -0.075030 0.095486 -0.001600 0.079019 0.996121 -0.038705 21.684401 -0.092212 0.045964 0.994678 -3.096600 0.000000 0.000000 0.000000 1.000000
0.992475 -0.076126 0.095912 -0.001600 0.079564 0.996298 -0.032543 21.684401 -0.093079 0.039929 0.994858 -3.096600 0.000000 0.000000 0.000000 1.000000
0.992801 -0.071709 0.095933 -0.001600 0.074356 0.996936 -0.024305 21.684401 -0.093896 0.031263 0.995091 -3.096600 0.000000 0.000000 0.000000 1.000000
0.993459 -0.061263 0.096369 -0.001600 0.063470 0.997783 -0.020009 21.684401 -0.094929 0.025994 0.995145 -3.096600 0.000000 0.000000 0.000000 1.000000
0.993899 -0.051291 0.097638 -0.001600 0.053775 0.998288 -0.022985 21.684401 -0.096292 0.028095 0.994957 -3.096600 0.000000 0.000000 0.000000 1.000000
0.993934 -0.048149 0.098873 -0.001600 0.051207 0.998278 -0.028619 21.684401 -0.097325 0.033508 0.994688 -3.096600 0.000000 0.000000 0.000000 1.000000
0.993904 -0.047573 0.099461 -0.001600 0.050815 0.998248 -0.030323 21.684401 -0.097844 0.035192 0.994579 -3.096600 0.000000 0.000000 0.000000 1.000000
0.994066 -0.044888 0.099082 -0.001600 0.047914 0.998448 -0.028378 21.684401 -0.097654 0.032957 0.994675 -3.096600 0.000000 0.000000 0.000000 1.000000
0.994314 -0.041397 0.098109 -0.001600 0.044227 0.998661 -0.026846 21.684401 -0.096867 0.031032 0.994813 -3.096600 0.000000 0.000000 0.000000 1.000000
0.994471 -0.039628 0.097243 -0.001600 0.042518 0.998708 -0.027832 21.684401 -0.096015 0.031812 0.994871 -3.096600 0.000000 0.000000 0.000000 1.000000
0.994537 -0.039217 0.096734 -0.001600 0.042413 0.998613 -0.031202 21.684401 -0.095376 0.035135 0.994821 -3.096600 0.000000 0.000000 0.000000 1.000000</float_array>
        <technique_common>
          <accessor source="#mixamorig_Neck-Matrix-animation-output-transform-array" count="32" stride="16">
            <param type="float4x4"/>
          </accessor>
        </technique_common>
      </source>
      <source id="mixamorig_Neck-Interpolations">
        <Name_array id="mixamorig_Neck-Interpolations-array" count="32">
 LINEAR LINEAR LINEAR LINEAR LINEAR LINEAR LINEAR LINEAR LINEAR LINEAR LINEAR
LINEAR LINEAR LINEAR LINEAR LINEAR LINEAR LINEAR LINEAR LINEAR LINEAR LINEAR LINEAR
LINEAR LINEAR LINEAR LINEAR LINEAR LINEAR LINEAR LINEAR LINEAR</Name_array>
        <technique_common>
          <accessor source="#mixamorig_Neck-Interpolations-array" count="32">
            <param type="name"/>
          </accessor>
        </technique_common>
      </source>
      <sampler id="mixamorig_Neck-Matrix-animation-transform">
        <input semantic="INPUT" source="#mixamorig_Neck-Matrix-animation-input"/>
        <input semantic="OUTPUT" source="#mixamorig_Neck-Matrix-animation-output-transform"/>
        <input semantic="INTERPOLATION" source="#mixamorig_Neck-Interpolations"/>
      </sampler>
      <channel source="#mixamorig_Neck-Matrix-animation-transform" target="mixamorig_Neck/matrix"/>
    </animation>
    <animation id="mixamorig_Head-anim" name="mixamorig_Head">
      <source id="mixamorig_Head-Matrix-animation-input">
        <float_array id="mixamorig_Head-Matrix-animation-input-array" count="32">

0.000000 0.033333 0.066667 0.100000 0.133333 0.166667 0.200000 0.233333 0.266667 0.300000 0.333333 0.366667 0.400000 0.433333 0.466667 0.500000
0.533333 0.566667 0.600000 0.633333 0.666667 0.700000 0.733333 0.766667 0.800000 0.833333 0.866667 0.900000 0.933333 0.966667 1.000000 1.033333</float_array>
        <technique_common>
          <accessor source="#mixamorig_Head-Matrix-animation-input-array" count="32">
            <param name="TIME" type="float"/>
          </accessor>
        </technique_common>
      </source>
      <source id="mixamorig_Head-Matrix-animation-output-transform">
        <float_array id="mixamorig_Head-Matrix-animation-output-transform-array" count="512">

0.817334 0.069567 0.571949 -0.000700 -0.411445 0.765385 0.494873 8.918400 -0.403334 -0.639802 0.654198 1.007300 0.000000 0.000000 0.000000 1.000000
0.819222 0.067710 0.569465 -0.000700 -0.406582 0.768873 0.493482 8.918400 -0.404433 -0.635806 0.657408 1.007300 0.000000 0.000000 0.000000 1.000000
0.820051 0.070371 0.567947 -0.000700 -0.401986 0.777195 0.484124 8.918400 -0.407337 -0.625313 0.665628 1.007300 0.000000 0.000000 0.000000 1.000000
0.819837 0.073872 0.567812 -0.000700 -0.400382 0.782872 0.476242 8.918400 -0.409343 -0.617782 0.671404 1.007300 0.000000 0.000000 0.000000 1.000000
0.818816 0.073874 0.569283 -0.000700 -0.400999 0.783231 0.475131 8.918400 -0.410780 -0.617327 0.670945 1.007300 0.000000 0.000000 0.000000 1.000000
0.817864 0.070633 0.571060 -0.000700 -0.400878 0.781899 0.477421 8.918400 -0.412790 -0.619391 0.667802 1.007300 0.000000 0.000000 0.000000 1.000000
0.818286 0.068267 0.570743 -0.000700 -0.398796 0.782509 0.478164 8.918400 -0.413969 -0.618885 0.667541 1.007300 0.000000 0.000000 0.000000 1.000000
0.821157 0.068934 0.566523 -0.000700 -0.396042 0.783577 0.478705 8.918400 -0.410915 -0.617459 0.670741 1.007300 0.000000 0.000000 0.000000 1.000000
0.827142 0.071141 0.557472 -0.000700 -0.392939 0.782395 0.483174 8.918400 -0.401790 -0.618706 0.675106 1.007300 0.000000 0.000000 0.000000 1.000000
0.835569 0.074769 0.544273 -0.000700 -0.387903 0.781848 0.488103 8.918400 -0.389044 -0.618970 0.682292 1.007300 0.000000 0.000000 0.000000 1.000000
0.843655 0.081945 0.530596 -0.000700 -0.380881 0.787873 0.483927 8.918400 -0.378387 -0.610361 0.695904 1.007300 0.000000 0.000000 0.000000 1.000000
0.848346 0.092118 0.521366 -0.000700 -0.375629 0.798697 0.470091 8.918400 -0.373110 -0.594640 0.712174 1.007300 0.000000 0.000000 0.000000 1.000000
0.848228 0.101038 0.519904 -0.000700 -0.376462 0.805494 0.457663 8.918400 -0.372538 -0.583927 0.721280 1.007300 0.000000 0.000000 0.000000 1.000000
0.844613 0.104537 0.525073 -0.000700 -0.382043 0.804759 0.454319 8.918400 -0.375064 -0.584324 0.719647 1.007300 0.000000 0.000000 0.000000 1.000000
0.841119 0.102461 0.531057 -0.000700 -0.385934 0.801602 0.456606 8.918400 -0.378912 -0.589013 0.713785 1.007300 0.000000 0.000000 0.000000 1.000000
0.839855 0.099371 0.533638 -0.000700 -0.385405 0.801449 0.457320 8.918400 -0.382239 -0.589749 0.711399 1.007300 0.000000 0.000000 0.000000 1.000000
0.837206 0.096441 0.538317 -0.000700 -0.386789 0.800297 0.458169 8.918400 -0.386628 -0.591797 0.707316 1.007300 0.000000 0.000000 0.000000 1.000000
0.830815 0.089444 0.549314 -0.000700 -0.393194 0.792858 0.465590 8.918400 -0.393884 -0.602806 0.693887 1.007300 0.000000 0.000000 0.000000 1.000000
0.824142 0.081432 0.560498 -0.000700 -0.399914 0.784436 0.474056 8.918400 -0.401072 -0.614841 0.679053 1.007300 0.000000 0.000000 0.000000 1.000000
0.817591 0.072363 0.571234 -0.000700 -0.406580 0.775037 0.483746 8.918400 -0.407722 -0.627759 0.663085 1.007300 0.000000 0.000000 0.000000 1.000000
0.812341 0.065711 0.579469 -0.000700 -0.414154 0.764558 0.493890 8.918400 -0.410584 -0.641196 0.648296 1.007300 0.000000 0.000000 0.000000 1.000000
0.809722 0.062224 0.583505 -0.000700 -0.420038 0.755833 0.502280 8.918400 -0.409779 -0.651801 0.638151 1.007300 0.000000 0.000000 0.000000 1.000000
0.807678 0.063967 0.586144 -0.000700 -0.422876 0.755602 0.500242 8.918400 -0.410892 -0.651900 0.637333 1.007300 0.000000 0.000000 0.000000 1.000000
0.805902 0.075208 0.587252 -0.000700 -0.422315 0.768194 0.481173 8.918400 -0.414936 -0.635784 0.650851 1.007300 0.000000 0.000000 0.000000 1.000000
0.804213 0.089499 0.587564 -0.000700 -0.420907 0.783734 0.456725 8.918400 -0.419617 -0.614614 0.667960 1.007300 0.000000 0.000000 0.000000 1.000000
0.803084 0.093051 0.588555 -0.000700 -0.418821 0.790732 0.446466 8.918400 -0.423845 -0.605049 0.673996 1.007300 0.000000 0.000000 0.000000 1.000000
