<?xml version="1.0" encoding="utf-8"?>
<COLLADA xmlns="http://www.collada.org/2005/11/COLLADASchema" version="1.4.1">
  <asset>
    <contributor>
      <author>Mixamo</author>
      <authoring_tool>COLLADA Mixamo exporter</authoring_tool>
      <comments/>
    </contributor>
    <created>2026-04-28T12:25:14Z</created>
    <modified>2026-04-28T12:25:14Z</modified>
    <revision/>
    <title/>
    <unit meter="0.010000"/>
    <up_axis>Y_UP</up_axis>
  </asset>
  <library_animations>
    <animation id="mixamorig_Hips-anim" name="mixamorig_Hips">
      <source id="mixamorig_Hips-Matrix-animation-input">
        <float_array id="mixamorig_Hips-Matrix-animation-input-array" count="20">

0.000000 0.033333 0.066667 0.100000 0.133333 0.166667 0.200000 0.233333 0.266667 0.300000 0.333333 0.366667 0.400000 0.433333 0.466667 0.500000
0.533333 0.566667 0.600000 0.633333</float_array>
        <technique_common>
          <accessor source="#mixamorig_Hips-Matrix-animation-input-array" count="20">
            <param name="TIME" type="float"/>
          </accessor>
        </technique_common>
      </source>
      <source id="mixamorig_Hips-Matrix-animation-output-transform">
        <float_array id="mixamorig_Hips-Matrix-animation-output-transform-array" count="320">

0.991634 0.074880 -0.105143 0.328527 -0.088712 0.987039 -0.133730 76.235588 0.093767 0.141938 0.985424 1.884893 0.000000 0.000000 0.000000 1.000000
0.995320 0.037651 -0.088992 0.044824 -0.050158 0.988484 -0.142772 77.580246 0.082592 0.146567 0.985747 18.751417 0.000000 0.000000 0.000000 1.000000
0.997608 0.001282 -0.069113 -0.305137 -0.013110 0.985192 -0.170953 79.712685 0.067870 0.171451 0.982852 33.769844 0.000000 0.000000 0.000000 1.000000
0.998296 0.006647 -0.057971 -0.516129 -0.016895 0.983861 -0.178133 80.963623 0.055852 0.178809 0.982297 48.835770 0.000000 0.000000 0.000000 1.000000
0.999751 0.002261 -0.022200 -0.666549 -0.005505 0.989096 -0.147170 80.464218 0.021625 0.147255 0.988862 63.284199 0.000000 0.000000 0.000000 1.000000
0.998535 -0.020501 0.050067 -0.505465 0.026202 0.992904 -0.115999 78.796959 -0.047334 0.117141 0.991987 78.107704 0.000000 0.000000 0.000000 1.000000
0.991371 -0.057137 0.117980 -0.312467 0.070820 0.990809 -0.115249 77.250420 -0.110311 0.122610 0.986305 93.654045 0.000000 0.000000 0.000000 1.000000
0.981739 -0.118560 0.148769 0.187437 0.139846 0.979954 -0.141893 75.436020 -0.128964 0.160106 0.978639 107.128334 0.000000 0.000000 0.000000 1.000000
0.977474 -0.135881 0.161494 0.192565 0.163809 0.970928 -0.174545 74.286713 -0.133081 0.197067 0.971315 123.005310 0.000000 0.000000 0.000000 1.000000
0.984093 -0.083223 0.156953 0.349566 0.113899 0.973580 -0.197913 75.315475 -0.136335 0.212642 0.967572 140.776184 0.000000 0.000000 0.000000 1.000000
0.987091 -0.037621 0.155682 0.738480 0.069940 0.975695 -0.207671 76.368011 -0.144085 0.215878 0.965731 159.552200 0.000000 0.000000 0.000000 1.000000
0.987923 -0.011517 0.154518 1.132160 0.044661 0.976076 -0.212792 78.652573 -0.148371 0.217123 0.964802 175.857803 0.000000 0.000000 0.000000 1.000000
0.989261 -0.006738 0.146003 1.070754 0.038118 0.976261 -0.213218 80.566437 -0.141101 0.216494 0.966034 191.299118 0.000000 0.000000 0.000000 1.000000
0.989954 -0.003418 0.141347 1.045324 0.031647 0.979700 -0.197958 81.376137 -0.137801 0.200443 0.969966 205.505615 0.000000 0.000000 0.000000 1.000000
0.991902 -0.009325 0.126663 0.986017 0.031176 0.984665 -0.171650 81.039948 -0.123120 0.174209 0.976981 220.789047 0.000000 0.000000 0.000000 1.000000
0.996546 -0.019093 0.080821 1.004210 0.031704 0.986969 -0.157759 79.715912 -0.076756 0.159776 0.984165 235.773849 0.000000 0.000000 0.000000 1.000000
0.999968 -0.001552 -0.007847 0.892943 0.000244 0.986452 -0.164052 78.849899 0.007995 0.164045 0.986420 251.714691 0.000000 0.000000 0.000000 1.000000
0.995767 0.040658 -0.082427 0.619317 -0.053525 0.985590 -0.160462 77.631248 0.074715 0.164195 0.983594 267.026398 0.000000 0.000000 0.000000 1.000000
0.990701 0.081325 -0.109079 0.560697 -0.096586 0.985021 -0.142844 76.292175 0.095828 0.152051 0.983716 282.034485 0.000000 0.000000 0.000000 1.000000
0.991634 0.074880 -0.105143 0.328525 -0.088712 0.987039 -0.133730 76.235573 0.093767 0.141938 0.985424 299.606262 0.000000 0.000000 0.000000 1.000000</float_array>
        <technique_common>
          <accessor source="#mixamorig_Hips-Matrix-animation-output-transform-array" count="20" stride="16">
            <param type="float4x4"/>
          </accessor>
        </technique_common>
      </source>
      <source id="mixamorig_Hips-Interpolations">
        <Name_array id="mixamorig_Hips-Interpolations-array" count="20">
 LINEAR LINEAR LINEAR LINEAR LINEAR LINEAR LINEAR LINEAR LINEAR LINEAR LINEAR
LINEAR LINEAR LINEAR LINEAR LINEAR LINEAR LINEAR LINEAR LINEAR</Name_array>
        <technique_common>
          <accessor source="#mixamorig_Hips-Interpolations-array" count="20">
            <param type="name"/>
          </accessor>
        </technique_common>
      </source>
      <sampler id="mixamorig_Hips-Matrix-animation-transform">
        <input semantic="INPUT" source="#mixamorig_Hips-Matrix-animation-input"/>
        <input semantic="OUTPUT" source="#mixamorig_Hips-Matrix-animation-output-transform"/>
        <input semantic="INTERPOLATION" source="#mixamorig_Hips-Interpolations"/>
      </sampler>
      <channel source="#mixamorig_Hips-Matrix-animation-transform" target="mixamorig_Hips/matrix"/>
    </animation>
    <animation id="mixamorig_Spine-anim" name="mixamorig_Spine">
      <source id="mixamorig_Spine-Matrix-animation-input">
        <float_array id="mixamorig_Spine-Matrix-animation-input-array" count="20">

0.000000 0.033333 0.066667 0.100000 0.133333 0.166667 0.200000 0.233333 0.266667 0.300000 0.333333 0.366667 0.400000 0.433333 0.466667 0.500000
0.533333 0.566667 0.600000 0.633333</float_array>
        <technique_common>
          <accessor source="#mixamorig_Spine-Matrix-animation-input-array" count="20">
            <param name="TIME" type="float"/>
          </accessor>
        </technique_common>
      </source>
      <source id="mixamorig_Spine-Matrix-animation-output-transform">
        <float_array id="mixamorig_Spine-Matrix-animation-output-transform-array" count="320">

0.966770 -0.028212 0.254086 0.000000 0.092256 0.965420 -0.243830 7.722000 -0.238421 0.259168 0.935942 1.166200 0.000000 0.000000 0.000000 1.000000
0.960903 0.013030 0.276577 -0.000000 0.036896 0.983958 -0.174541 7.722000 -0.274415 0.177922 0.945008 1.166200 0.000000 0.000000 0.000000 1.000000
0.957469 0.038414 0.285968 -0.000000 -0.009040 0.994605 -0.103338 7.722000 -0.288395 0.096358 0.952651 1.166200 0.000000 0.000000 0.000000 1.000000
0.956789 0.020118 0.290086 0.000000 0.002795 0.996922 -0.078356 7.722000 -0.290769 0.075781 0.953787 1.166200 0.000000 0.000000 0.000000 1.000000
0.969092 0.035933 0.244068 0.000000 -0.003045 0.991002 -0.133812 7.722000 -0.246681 0.128933 0.960482 1.166200 0.000000 0.000000 0.000000 1.000000
0.986541 0.083975 0.140305 0.000000 -0.052876 0.975786 -0.212239 7.722000 -0.154731 0.201963 0.967093 1.166200 0.000000 0.000000 0.000000 1.000000
0.991351 0.130303 0.015617 -0.000000 -0.121551 0.956537 -0.265071 7.722000 -0.049478 0.260880 0.964102 1.166200 0.000000 0.000000 0.000000 1.000000
0.979376 0.178624 -0.094429 0.000000 -0.198057 0.941164 -0.273832 7.722000 0.039960 0.286887 0.957131 1.166200 0.000000 0.000000 0.000000 1.000000
0.965204 0.187707 -0.182063 0.000000 -0.225986 0.949060 -0.219579 7.722000 0.131572 0.253082 0.958456 1.166200 0.000000 0.000000 0.000000 1.000000
0.959927 0.140753 -0.242341 0.000000 -0.173346 0.977670 -0.118800 7.722000 0.220208 0.156048 0.962890 1.166200 0.000000 0.000000 0.000000 1.000000
0.952173 0.089563 -0.292139 0.000000 -0.099982 0.994770 -0.020899 7.722000 0.288739 0.049108 0.956148 1.166200 0.000000 0.000000 0.000000 1.000000
0.947879 0.050570 -0.314592 -0.000000 -0.044469 0.998658 0.026543 7.722000 0.315512 -0.011170 0.948856 1.166200 0.000000 0.000000 0.000000 1.000000
0.950430 0.041192 -0.308197 0.000000 -0.033909 0.999005 0.028951 7.722000 0.309083 -0.017065 0.950882 1.166200 0.000000 0.000000 0.000000 1.000000
0.957001 0.035394 -0.287917 0.000000 -0.037737 0.999284 -0.002589 7.722000 0.287619 0.013343 0.957652 1.166200 0.000000 0.000000 0.000000 1.000000
0.970894 0.025609 -0.238138 0.000000 -0.042296 0.996973 -0.065232 7.722000 0.235746 0.073405 0.969038 1.166200 0.000000 0.000000 0.000000 1.000000
0.989596 0.009753 -0.143542 0.000000 -0.032004 0.987625 -0.153536 7.722000 0.140268 0.156533 0.977662 1.166200 0.000000 0.000000 0.000000 1.000000
0.999863 -0.015436 -0.005937 0.000000 0.013576 0.971064 -0.238434 7.722000 0.009446 0.238321 0.971141 1.166200 0.000000 0.000000 0.000000 1.000000
0.992267 -0.041764 0.116888 0.000000 0.073640 0.956139 -0.283506 7.722000 -0.099921 0.289921 0.951820 1.166200 0.000000 0.000000 0.000000 1.000000
0.977186 -0.055562 0.204987 0.000000 0.113149 0.952991 -0.281079 7.722000 -0.179734 0.297861 0.937537 1.166200 0.000000 0.000000 0.000000 1.000000
0.966770 -0.028212 0.254086 0.000000 0.092256 0.965420 -0.243830 7.722000 -0.238421 0.259169 0.935942 1.166200 0.000000 0.000000 0.000000 1.000000</float_array>
        <technique_common>
          <accessor source="#mixamorig_Spine-Matrix-animation-output-transform-array" count="20" stride="16">
            <param type="float4x4"/>
          </accessor>
        </technique_common>
      </source>
      <source id="mixamorig_Spine-Interpolations">
        <Name_array id="mixamorig_Spine-Interpolations-array" count="20">
 LINEAR LINEAR LINEAR LINEAR LINEAR LINEAR LINEAR LINEAR LINEAR LINEAR LINEAR
LINEAR LINEAR LINEAR LINEAR LINEAR LINEAR LINEAR LINEAR LINEAR</Name_array>
        <technique_common>
          <accessor source="#mixamorig_Spine-Interpolations-array" count="20">
            <param type="name"/>
          </accessor>
        </technique_common>
      </source>
      <sampler id="mixamorig_Spine-Matrix-animation-transform">
        <input semantic="INPUT" source="#mixamorig_Spine-Matrix-animation-input"/>
        <input semantic="OUTPUT" source="#mixamorig_Spine-Matrix-animation-output-transform"/>
        <input semantic="INTERPOLATION" source="#mixamorig_Spine-Interpolations"/>
      </sampler>
      <channel source="#mixamorig_Spine-Matrix-animation-transform" target="mixamorig_Spine/matrix"/>
    </animation>
    <animation id="mixamorig_Spine1-anim" name="mixamorig_Spine1">
      <source id="mixamorig_Spine1-Matrix-animation-input">
        <float_array id="mixamorig_Spine1-Matrix-animation-input-array" count="20">

0.000000 0.033333 0.066667 0.100000 0.133333 0.166667 0.200000 0.233333 0.266667 0.300000 0.333333 0.366667 0.400000 0.433333 0.466667 0.500000
0.533333 0.566667 0.600000 0.633333</float_array>
        <technique_common>
          <accessor source="#mixamorig_Spine1-Matrix-animation-input-array" count="20">
            <param name="TIME" type="float"/>
          </accessor>
        </technique_common>
      </source>
      <source id="mixamorig_Spine1-Matrix-animation-output-transform">
        <float_array id="mixamorig_Spine1-Matrix-animation-output-transform-array" count="320">

0.999243 -0.024896 0.029903 0.000000 0.020729 0.990983 0.132376 9.598400 -0.032929 -0.131656 0.990748 0.000000 0.000000 0.000000 0.000000 1.000000
0.999175 -0.022513 0.033814 0.000000 0.018726 0.993929 0.108422 9.598400 -0.036050 -0.107699 0.993530 0.000000 0.000000 0.000000 0.000000 1.000000
0.999249 -0.011493 0.037012 -0.000000 0.008403 0.996548 0.082592 9.598400 -0.037833 -0.082219 0.995896 -0.000000 0.000000 0.000000 0.000000 1.000000
0.999255 0.001348 0.038575 -0.000000 -0.004123 0.997399 0.071953 9.598400 -0.038377 -0.072059 0.996662 0.000000 0.000000 0.000000 0.000000 1.000000
0.999478 -0.002373 0.032206 0.000000 -0.000102 0.997061 0.076607 9.598400 -0.032293 -0.076570 0.996541 -0.000000 0.000000 0.000000 0.000000 1.000000
0.999529 -0.025873 0.016507 0.000000 0.024209 0.995269 0.094098 9.598400 -0.018863 -0.093654 0.995426 0.000000 0.000000 0.000000 0.000000 1.000000
0.998625 -0.052411 -0.001270 0.000000 0.052174 0.991135 0.122188 9.598400 -0.005145 -0.122086 0.992506 -0.000000 0.000000 0.000000 0.000000 1.000000
0.997511 -0.068929 -0.014882 0.000000 0.070299 0.988608 0.133085 9.598400 0.005539 -0.133800 0.990993 -0.000000 0.000000 0.000000 0.000000 1.000000
0.996741 -0.076506 -0.025562 0.000000 0.078765 0.991472 0.103826 9.598400 0.017401 -0.105501 0.994267 0.000000 0.000000 0.000000 0.000000 1.000000
0.996902 -0.070480 -0.034901 -0.000000 0.072574 0.995376 0.062920 9.598400 0.030305 -0.065258 0.997408 -0.000000 0.000000 0.000000 0.000000 1.000000
0.997688 -0.053830 -0.041496 0.000000 0.055459 0.997692 0.039175 9.598400 0.039292 -0.041386 0.998370 0.000000 0.000000 0.000000 0.000000 1.000000
0.998006 -0.045806 -0.043426 0.000000 0.047082 0.998475 0.028843 9.598400 0.042039 -0.030830 0.998640 0.000000 0.000000 0.000000 0.000000 1.000000
0.997777 -0.051961 -0.041729 0.000000 0.053048 0.998270 0.025374 9.598400 0.040339 -0.027531 0.998807 0.000000 0.000000 0.000000 0.000000 1.000000
0.997266 -0.062552 -0.039331 0.000000 0.063759 0.997508 0.030214 9.598400 0.037343 -0.032639 0.998769 0.000000 0.000000 0.000000 0.000000 1.000000
0.997285 -0.065219 -0.034187 -0.000000 0.066777 0.996679 0.046604 9.598400 0.031034 -0.048760 0.998328 0.000000 0.000000 0.000000 0.000000 1.000000
0.998528 -0.049640 -0.021837 -0.000000 0.051084 0.996131 0.071504 9.598400 0.018203 -0.072515 0.997201 0.000000 0.000000 0.000000 0.000000 1.000000
0.999602 -0.027875 -0.004358 0.000000 0.028166 0.994896 0.096896 9.598400 0.001634 -0.096981 0.995285 0.000000 0.000000 0.000000 0.000000 1.000000
0.999750 -0.018981 0.011801 -0.000000 0.017426 0.992592 0.120236 9.598400 -0.013996 -0.120000 0.992675 0.000000 0.000000 0.000000 0.000000 1.000000
0.999506 -0.021416 0.023005 0.000000 0.018075 0.990444 0.136727 9.598400 -0.025713 -0.136244 0.990342 0.000000 0.000000 0.000000 0.000000 1.000000
0.999243 -0.024896 0.029903 0.000000 0.020729 0.990983 0.132376 9.598400 -0.032929 -0.131656 0.990748 -0.000000 0.000000 0.000000 0.000000 1.000000</float_array>
        <technique_common>
          <accessor source="#mixamorig_Spine1-Matrix-animation-output-transform-array" count="20" stride="16">
            <param type="float4x4"/>
          </accessor>
        </technique_common>
      </source>
      <source id="mixamorig_Spine1-Interpolations">
        <Name_array id="mixamorig_Spine1-Interpolations-array" count="20">
 LINEAR LINEAR LINEAR LINEAR LINEAR LINEAR LINEAR LINEAR LINEAR LINEAR LINEAR
LINEAR LINEAR LINEAR LINEAR LINEAR LINEAR LINEAR LINEAR LINEAR</Name_array>
        <technique_common>
          <accessor source="#mixamorig_Spine1-Interpolations-array" count="20">
            <param type="name"/>
          </accessor>
        </technique_common>
      </source>
      <sampler id="mixamorig_Spine1-Matrix-animation-transform">
        <input semantic="INPUT" source="#mixamorig_Spine1-Matrix-animation-input"/>
        <input semantic="OUTPUT" source="#mixamorig_Spine1-Matrix-animation-output-transform"/>
        <input semantic="INTERPOLATION" source="#mixamorig_Spine1-Interpolations"/>
      </sampler>
      <channel source="#mixamorig_Spine1-Matrix-animation-transform" target="mixamorig_Spine1/matrix"/>
    </animation>
    <animation id="mixamorig_Spine2-anim" name="mixamorig_Spine2">
      <source id="mixamorig_Spine2-Matrix-animation-input">
        <float_array id="mixamorig_Spine2-Matrix-animation-input-array" count="20">

0.000000 0.033333 0.066667 0.100000 0.133333 0.166667 0.200000 0.233333 0.266667 0.300000 0.333333 0.366667 0.400000 0.433333 0.466667 0.500000
0.533333 0.566667 0.600000 0.633333</float_array>
        <technique_common>
          <accessor source="#mixamorig_Spine2-Matrix-animation-input-array" count="20">
            <param name="TIME" type="float"/>
          </accessor>
        </technique_common>
      </source>
      <source id="mixamorig_Spine2-Matrix-animation-output-transform">
        <float_array id="mixamorig_Spine2-Matrix-animation-output-transform-array" count="320">

0.999292 -0.021218 0.031073 0.000000 0.020826 0.999700 0.012891 11.048200 -0.031337 -0.012235 0.999434 0.000000 0.000000 0.000000 0.000000 1.000000
0.999223 -0.018631 0.034730 0.000000 0.018987 0.999770 -0.009962 11.048200 -0.034537 0.010614 0.999347 0.000000 0.000000 0.000000 0.000000 1.000000
0.999259 -0.008540 0.037527 -0.000000 0.009859 0.999335 -0.035102 11.048200 -0.037203 0.035446 0.998679 -0.000000 0.000000 0.000000 0.000000 1.000000
0.999261 0.003084 0.038326 -0.000000 -0.001272 0.998884 -0.047204 11.048200 -0.038429 0.047121 0.998150 0.000000 0.000000 0.000000 0.000000 1.000000
0.999489 -0.001013 0.031937 0.000000 0.002399 0.999055 -0.043391 11.048200 -0.031862 0.043445 0.998548 -0.000000 0.000000 0.000000 0.000000 1.000000
0.999559 -0.023787 0.017780 0.000000 0.024201 0.999431 -0.023477 11.048200 -0.017211 0.023897 0.999566 -0.000000 0.000000 0.000000 0.000000 1.000000
0.998677 -0.051403 0.001273 -0.000000 0.051396 0.998667 0.004742 11.048200 -0.001515 -0.004670 0.999988 0.000000 0.000000 0.000000 0.000000 1.000000
0.997420 -0.070804 -0.011872 0.000000 0.070958 0.997393 0.013121 11.048200 0.010912 -0.013929 0.999843 -0.000000 0.000000 0.000000 0.000000 1.000000
0.996720 -0.078029 -0.021477 0.000000 0.077562 0.996749 -0.021793 11.048200 0.023107 0.020056 0.999532 -0.000000 0.000000 0.000000 0.000000 1.000000
0.997049 -0.070602 -0.030147 0.000000 0.067916 0.994286 -0.082358 11.048200 0.035789 0.080068 0.996147 -0.000000 0.000000 0.000000 0.000000 1.000000
0.997844 -0.053885 -0.037467 0.000000 0.048493 0.990016 -0.132349 11.048200 0.044225 0.130247 0.990495 0.000000 0.000000 0.000000 0.000000 1.000000
0.998211 -0.043947 -0.040533 0.000000 0.037020 0.986723 -0.158138 11.048200 0.046945 0.156355 0.986585 0.000000 0.000000 0.000000 0.000000 1.000000
0.998015 -0.049218 -0.039294 -0.000000 0.042107 0.985419 -0.164850 11.048200 0.046834 0.162868 0.985536 0.000000 0.000000 0.000000 0.000000 1.000000
0.997478 -0.061101 -0.036107 0.000000 0.054909 0.986720 -0.152870 11.048200 0.044968 0.150502 0.987586 0.000000 0.000000 0.000000 0.000000 1.000000
0.997511 -0.063699 -0.030233 0.000000 0.059753 0.991315 -0.117148 11.048200 0.037433 0.115050 0.992654 0.000000 0.000000 0.000000 0.000000 1.000000
0.998572 -0.050002 -0.018831 0.000000 0.048645 0.996585 -0.066730 11.048200 0.022104 0.065718 0.997593 -0.000000 0.000000 0.000000 0.000000 1.000000
0.999512 -0.031124 -0.002795 0.000000 0.031051 0.999246 -0.023295 11.048200 0.003518 0.023197 0.999725 0.000000 0.000000 0.000000 0.000000 1.000000
0.999699 -0.020831 0.012981 -0.000000 0.020782 0.999776 0.003897 11.048200 -0.013059 -0.003627 0.999908 -0.000000 0.000000 0.000000 0.000000 1.000000
0.999509 -0.019812 0.024293 0.000000 0.019384 0.999655 0.017717 11.048200 -0.024636 -0.017237 0.999548 0.000000 0.000000 0.000000 0.000000 1.000000
0.999292 -0.021218 0.031073 -0.000000 0.020826 0.999700 0.012891 11.048200 -0.031338 -0.012235 0.999434 0.000000 0.000000 0.000000 0.000000 1.000000</float_array>
        <technique_common>
          <accessor source="#mixamorig_Spine2-Matrix-animation-output-transform-array" count="20" stride="16">
            <param type="float4x4"/>
          </accessor>
        </technique_common>
      </source>
      <source id="mixamorig_Spine2-Interpolations">
        <Name_array id="mixamorig_Spine2-Interpolations-array" count="20">
 LINEAR LINEAR LINEAR LINEAR LINEAR LINEAR LINEAR LINEAR LINEAR LINEAR LINEAR
LINEAR LINEAR LINEAR LINEAR LINEAR LINEAR LINEAR LINEAR LINEAR</Name_array>
        <technique_common>
          <accessor source="#mixamorig_Spine2-Interpolations-array" count="20">
            <param type="name"/>
          </accessor>
        </technique_common>
      </source>
      <sampler id="mixamorig_Spine2-Matrix-animation-transform">
        <input semantic="INPUT" source="#mixamorig_Spine2-Matrix-animation-input"/>
        <input semantic="OUTPUT" source="#mixamorig_Spine2-Matrix-animation-output-transform"/>
        <input semantic="INTERPOLATION" source="#mixamorig_Spine2-Interpolations"/>
      </sampler>
      <channel source="#mixamorig_Spine2-Matrix-animation-transform" target="mixamorig_Spine2/matrix"/>
    </animation>
    <animation id="mixamorig_Neck-anim" name="mixamorig_Neck">
      <source id="mixamorig_Neck-Matrix-animation-input">
        <float_array id="mixamorig_Neck-Matrix-animation-input-array" count="20">

0.000000 0.033333 0.066667 0.100000 0.133333 0.166667 0.200000 0.233333 0.266667 0.300000 0.333333 0.366667 0.400000 0.433333 0.466667 0.500000
0.533333 0.566667 0.600000 0.633333</float_array>
        <technique_common>
          <accessor source="#mixamorig_Neck-Matrix-animation-input-array" count="20">
            <param name="TIME" type="float"/>
          </accessor>
        </technique_common>
      </source>
      <source id="mixamorig_Neck-Matrix-animation-output-transform">
        <float_array id="mixamorig_Neck-Matrix-animation-output-transform-array" count="320">

0.997638 0.053298 -0.043326 -0.001600 -0.056499 0.995476 -0.076387 21.684401 0.039059 0.078654 0.996136 -3.096600 0.000000 0.000000 0.000000 1.000000
0.997311 0.049108 -0.054404 -0.001600 -0.054384 0.993483 -0.100173 21.684401 0.049131 0.102862 0.993482 -3.096600 0.000000 0.000000 0.000000 1.000000
0.997083 0.045154 -0.061533 -0.001600 -0.050623 0.994615 -0.090430 21.684401 0.057118 0.093281 0.994000 -3.096600 0.000000 0.000000 0.000000 1.000000
0.996757 0.048899 -0.063912 -0.001600 -0.052870 0.996675 -0.062000 21.684401 0.060667 0.065178 0.996028 -3.096600 0.000000 0.000000 0.000000 1.000000
0.995863 0.068002 -0.060279 -0.001600 -0.070621 0.996600 -0.042446 21.684401 0.057188 0.046527 0.997279 -3.096600 0.000000 0.000000 0.000000 1.000000
0.994636 0.089707 -0.051491 -0.001600 -0.091971 0.994814 -0.043422 21.684401 0.047329 0.047925 0.997729 -3.096600 0.000000 0.000000 0.000000 1.000000
0.994640 0.095922 -0.038607 -0.001600 -0.097871 0.993827 -0.052241 21.684401 0.033358 0.055739 0.997888 -3.096600 0.000000 0.000000 0.000000 1.000000
0.996559 0.079799 -0.022407 -0.001600 -0.080795 0.995585 -0.047784 21.684401 0.018495 0.049430 0.998606 -3.096600 0.000000 0.000000 0.000000 1.000000
0.998655 0.051652 -0.004504 -0.001600 -0.051756 0.998294 -0.027033 21.684401 0.003100 0.027230 0.999624 -3.096600 0.000000 0.000000 0.000000 1.000000
0.999509 0.028960 0.011937 -0.001600 -0.028894 0.999566 -0.005667 21.684401 -0.012096 0.005319 0.999913 -3.096600 0.000000 0.000000 0.000000 1.000000
0.999507 0.020664 0.023652 -0.001600 -0.020779 0.999773 0.004617 21.684401 -0.023551 -0.005106 0.999710 -3.096600 0.000000 0.000000 0.000000 1.000000
0.999336 0.021562 0.029367 -0.001600 -0.021808 0.999729 0.008093 21.684401 -0.029184 -0.008728 0.999536 -3.096600 0.000000 0.000000 0.000000 1.000000
0.999316 0.021724 0.029918 -0.001600 -0.022144 0.999660 0.013776 21.684401 -0.029608 -0.014429 0.999457 -3.096600 0.000000 0.000000 0.000000 1.000000
0.999471 0.018756 0.026575 -0.001600 -0.019365 0.999551 0.022874 21.684401 -0.026134 -0.023376 0.999385 -3.096600 0.000000 0.000000 0.000000 1.000000
0.999633 0.018272 0.019987 -0.001600 -0.018884 0.999346 0.030853 21.684401 -0.019410 -0.031219 0.999324 -3.096600 0.000000 0.000000 0.000000 1.000000
0.999631 0.025008 0.010565 -0.001600 -0.025352 0.999107 0.033806 21.684401 -0.009710 -0.034061 0.999373 -3.096600 0.000000 0.000000 0.000000 1.000000
0.999300 0.037395 -0.001129 -0.001600 -0.037349 0.998912 0.027921 21.684401 0.002172 -0.027859 0.999609 -3.096600 0.000000 0.000000 0.000000 1.000000
0.998672 0.049430 -0.014514 -0.001600 -0.049315 0.998750 0.008158 21.684401 0.014899 -0.007432 0.999861 -3.096600 0.000000 0.000000 0.000000 1.000000
0.998074 0.054768 -0.029129 -0.001600 -0.055647 0.997992 -0.030258 21.684401 0.027414 0.031820 0.999118 -3.096600 0.000000 0.000000 0.000000 1.000000
0.997638 0.053298 -0.043326 -0.001600 -0.056499 0.995476 -0.076387 21.684401 0.039059 0.078654 0.996136 -3.096600 0.000000 0.000000 0.000000 1.000000</float_array>
        <technique_common>
          <accessor source="#mixamorig_Neck-Matrix-animation-output-transform-array" count="20" stride="16">
            <param type="float4x4"/>
          </accessor>
        </technique_common>
      </source>
      <source id="mixamorig_Neck-Interpolations">
        <Name_array id="mixamorig_Neck-Interpolations-array" count="20">
 LINEAR LINEAR LINEAR LINEAR LINEAR LINEAR LINEAR LINEAR LINEAR LINEAR LINEAR
LINEAR LINEAR LINEAR LINEAR LINEAR LINEAR LINEAR LINEAR LINEAR</Name_array>
        <technique_common>
          <accessor source="#mixamorig_Neck-Interpolations-array" count="20">
            <param type="name"/>
          </accessor>
        </technique_common>
      </source>
      <sampler id="mixamorig_Neck-Matrix-animation-transform">
        <input semantic="INPUT" source="#mixamorig_Neck-Matrix-animation-input"/>
        <input semantic="OUTPUT" source="#mixamorig_Neck-Matrix-animation-output-transform"/>
        <input semantic="INTERPOLATION" source="#mixamorig_Neck-Interpolations"/>
      </sampler>
      <channel source="#mixamorig_Neck-Matrix-animation-transform" target="mixamorig_Neck/matrix"/>
    </animation>
    <animation id="mixamorig_Head-anim" name="mixamorig_Head">
      <source id="mixamorig_Head-Matrix-animation-input">
        <float_array id="mixamorig_Head-Matrix-animation-input-array" count="20">

0.000000 0.033333 0.066667 0.100000 0.133333 0.166667 0.200000 0.233333 0.266667 0.300000 0.333333 0.366667 0.400000 0.433333 0.466667 0.500000
0.533333 0.566667 0.600000 0.633333</float_array>
        <technique_common>
          <accessor source="#mixamorig_Head-Matrix-animation-input-array" count="20">
            <param name="TIME" type="float"/>
          </accessor>
        </technique_common>
      </source>
      <source id="mixamorig_Head-Matrix-animation-output-transform">
        <float_array id="mixamorig_Head-Matrix-animation-output-transform-array" count="320">

0.993232 0.004900 -0.116041 -0.000700 0.034669 0.941052 0.336481 8.918400 0.110849 -0.338226 0.934513 1.007300 0.000000 0.000000 0.000000 1.000000
0.984828 0.005854 -0.173432 -0.000700 0.047660 0.951873 0.302763 8.918400 0.166858 -0.306436 0.937153 1.007300 0.000000 0.000000 0.000000 1.000000
0.977517 0.008230 -0.210696 -0.000700 0.051257 0.959990 0.275302 8.918400 0.204532 -0.279912 0.937985 1.007300 0.000000 0.000000 0.000000 1.000000
0.974699 0.004843 -0.223471 -0.000700 0.057343 0.960889 0.270932 8.918400 0.216043 -0.276891 0.936299 1.007300 0.000000 0.000000 0.000000 1.000000
0.977395 -0.002644 -0.211406 -0.000700 0.064650 0.955764 0.286941 8.918400 0.201296 -0.294122 0.934330 1.007300 0.000000 0.000000 0.000000 1.000000
0.983545 -0.010657 -0.180348 -0.000700 0.069123 0.944499 0.321160 8.918400 0.166916 -0.328341 0.929694 1.007300 0.000000 0.000000 0.000000 1.000000
0.990516 -0.018776 -0.136112 -0.000700 0.067429 0.929555 0.362466 8.918400 0.119718 -0.368206 0.922004 1.007300 0.000000 0.000000 0.000000 1.000000
0.997018 -0.021193 -0.074201 -0.000700 0.048622 0.919199 0.390781 8.918400 0.059924 -0.393223 0.917488 1.007300 0.000000 0.000000 0.000000 1.000000
0.999854 -0.014093 0.009654 -0.000700 0.009249 0.921757 0.387658 8.918400 -0.014362 -0.387512 0.921753 1.007300 0.000000 0.000000 0.000000 1.000000
0.995111 -0.002489 0.098733 -0.000700 -0.032423 0.936046 0.350381 8.918400 -0.093291 -0.351869 0.931389 1.007300 0.000000 0.000000 0.000000 1.000000
0.986898 0.006315 0.161219 -0.000700 -0.054803 0.952945 0.298148 8.918400 -0.151750 -0.303077 0.940806 1.007300 0.000000 0.000000 0.000000 1.000000
0.982845 0.011978 0.184042 -0.000700 -0.060791 0.963162 0.261959 8.918400 -0.174124 -0.268653 0.947368 1.007300 0.000000 0.000000 0.000000 1.000000
0.983236 0.021030 0.181119 -0.000700 -0.068906 0.962521 0.262309 8.918400 -0.168815 -0.270392 0.947834 1.007300 0.000000 0.000000 0.000000 1.000000
0.985799 0.034980 0.164246 -0.000700 -0.082288 0.953215 0.290879 8.918400 -0.146386 -0.300263 0.942557 1.007300 0.000000 0.000000 0.000000 1.000000
0.990290 0.045710 0.131289 -0.000700 -0.085803 0.944024 0.318522 8.918400 -0.109381 -0.326694 0.938780 1.007300 0.000000 0.000000 0.000000 1.000000
0.995242 0.047105 0.085285 -0.000700 -0.072655 0.942037 0.327547 8.918400 -0.064912 -0.332185 0.940978 1.007300 0.000000 0.000000 0.000000 1.000000
0.998437 0.039398 0.039637 -0.000700 -0.050259 0.943151 0.328543 8.918400 -0.024440 -0.330022 0.943657 1.007300 0.000000 0.000000 0.000000 1.000000
0.999691 0.024814 -0.001697 -0.000700 -0.022785 0.941003 0.337629 8.918400 0.009975 -0.337486 0.941278 1.007300 0.000000 0.000000 0.000000 1.000000
0.998552 0.010984 -0.052669 -0.000700 0.008140 0.936828 0.349696 8.918400 0.053183 -0.349618 0.935382 1.007300 0.000000 0.000000 0.000000 1.000000
0.993232 0.004900 -0.116041 -0.000700 0.034669 0.941052 0.336481 8.918400 0.110849 -0.338227 0.934513 1.007300 0.000000 0.000000 0.000000 1.000000</float_array>
        <technique_common>
          <accessor source="#mixamorig_Head-Matrix-animation-output-transform-array" count="20" stride="16">
            <param type="float4x4"/>
          </accessor>
        </technique_common>
      </source>
      <source id="mixamorig_Head-Interpolations">
        <Name_array id="mixamorig_Head-Interpolations-array" count="20">
 LINEAR LINEAR LINEAR LINEAR LINEAR LINEAR LINEAR LINEAR LINEAR LINEAR LINEAR
LINEAR LINEAR LINEAR LINEAR LINEAR LINEAR LINEAR LINEAR LINEAR</Name_array>
        <technique_common>
          <accessor source="#mixamorig_Head-Interpolations-array" count="20">
            <param type="name"/>
          </accessor>
        </technique_common>
      </source>
      <sampler id="mixamorig_Head-Matrix-animation-transform">
        <input semantic="INPUT" source="#mixamorig_Head-Matrix-animation-input"/>
        <input semantic="OUTPUT" source="#mixamorig_Head-Matrix-animation-output-transform"/>
        <input semantic="INTERPOLATION" source="#mixamorig_Head-Interpolations"/>
      </sampler>
      <channel source="#mixamorig_Head-Matrix-animation-transform" target="mixamorig_Head/matrix"/>
    </animation>
    <animation id="mixamorig_LeftShoulder-anim" name="mixamorig_LeftShoulder">
      <source id="mixamorig_LeftShoulder-Matrix-animation-input">
        <float_array id="mixamorig_LeftShoulder-Matrix-animation-input-array" count="20">

0.000000 0.033333 0.066667 0.100000 0.133333 0.166667 0.200000 0.233333 0.266667 0.300000 0.333333 0.366667 0.400000 0.433333 0.466667 0.500000
0.533333 0.566667 0.600000 0.633333</float_array>
        <technique_common>
          <accessor source="#mixamorig_LeftShoulder-Matrix-animation-input-array" count="20">
            <param name="TIME" type="float"/>
          </accessor>
        </technique_common>
      </source>
      <source id="mixamorig_LeftShoulder-Matrix-animation-output-transform">
        <float_array id="mixamorig_LeftShoulder-Matrix-animation-output-transform-array" count="320">

-0.161199 0.985457 0.053749 4.217400 0.028920 0.059155 -0.997830 16.560900 -0.986498 -0.159295 -0.038035 -4.061100 0.000000 0.000000 0.000000 1.000000
-0.165342 0.983718 0.070438 4.217400 0.022293 0.075130 -0.996925 16.560900 -0.985984 -0.163263 -0.034353 -4.061100 0.000000 0.000000 0.000000 1.000000
-0.166925 0.982701 0.080211 4.217400 0.018609 0.084478 -0.996252 16.560900 -0.985794 -0.164807 -0.032389 -4.061100 0.000000 0.000000 0.000000 1.000000
-0.156463 0.985958 0.058367 4.217400 0.028502 0.063578 -0.997570 16.560900 -0.987272 -0.154419 -0.038049 -4.061100 0.000000 0.000000 0.000000 1.000000
-0.133215 0.991056 0.007824 4.217400 0.050673 0.014695 -0.998607 16.560900 -0.989791 -0.132633 -0.052177 -4.061100 0.000000 0.000000 0.000000 1.000000
-0.107100 0.993725 -0.032238 4.217400 0.069874 -0.024822 -0.997247 16.560900 -0.991790 -0.109058 -0.066778 -4.061100 0.000000 0.000000 0.000000 1.000000
-0.092867 0.994556 -0.047257 4.217400 0.078108 -0.040039 -0.996141 16.560900 -0.992610 -0.096200 -0.073964 -4.061100 0.000000 0.000000 0.000000 1.000000
-0.121208 0.992210 -0.028766 4.217400 0.066060 -0.020852 -0.997598 16.560900 -0.990426 -0.122818 -0.063018 -4.061100 0.000000 0.000000 0.000000 1.000000
-0.181307 0.983326 0.014075 4.217400 0.038377 0.021376 -0.999035 16.560900 -0.982677 -0.180592 -0.041612 -4.061100 0.000000 0.000000 0.000000 1.000000
-0.235857 0.969460 0.067223 4.217400 0.008543 0.071240 -0.997423 16.560900 -0.971750 -0.234675 -0.025084 -4.061100 0.000000 0.000000 0.000000 1.000000
-0.272411 0.956734 0.102235 4.217400 -0.011562 0.102990 -0.994615 16.560900 -0.962111 -0.272126 -0.016994 -4.061100 0.000000 0.000000 0.000000 1.000000
-0.279731 0.954645 0.101995 4.217400 -0.013042 0.102447 -0.994653 16.560900 -0.959990 -0.279566 -0.016207 -4.061100 0.000000 0.000000 0.000000 1.000000
-0.260697 0.961292 0.089186 4.217400 -0.004449 0.091183 -0.995824 16.560900 -0.965411 -0.260005 -0.019494 -4.061100 0.000000 0.000000 0.000000 1.000000
-0.231212 0.970287 0.071303 4.217400 0.008290 0.075251 -0.997130 16.560900 -0.972868 -0.229958 -0.025443 -4.061100 0.000000 0.000000 0.000000 1.000000
-0.204124 0.977684 0.049668 4.217400 0.021295 0.055159 -0.998250 16.560900 -0.978713 -0.202709 -0.032079 -4.061100 0.000000 0.000000 0.000000 1.000000
-0.181383 0.982837 0.033634 4.217400 0.031512 0.039993 -0.998703 16.560900 -0.982908 -0.180088 -0.038225 -4.061100 0.000000 0.000000 0.000000 1.000000
-0.153785 0.987973 0.016142 4.217400 0.043752 0.023129 -0.998775 16.560900 -0.987135 -0.152890 -0.046783 -4.061100 0.000000 0.000000 0.000000 1.000000
-0.139620 0.990159 0.009519 4.217400 0.049114 0.016526 -0.998656 16.560900 -0.988986 -0.138965 -0.050938 -4.061100 0.000000 0.000000 0.000000 1.000000
-0.152316 0.987803 0.032333 4.217400 0.038515 0.038623 -0.998511 16.560900 -0.987581 -0.150844 -0.043928 -4.061100 0.000000 0.000000 0.000000 1.000000
-0.161199 0.985457 0.053749 4.217400 0.028920 0.059155 -0.997830 16.560900 -0.986498 -0.159294 -0.038035 -4.061100 0.000000 0.000000 0.000000 1.000000</float_array>
        <technique_common>
          <accessor source="#mixamorig_LeftShoulder-Matrix-animation-output-transform-array" count="20" stride="16">
            <param type="float4x4"/>
          </accessor>
        </technique_common>
      </source>
      <source id="mixamorig_LeftShoulder-Interpolations">
        <Name_array id="mixamorig_LeftShoulder-Interpolations-array" count="20">
 LINEAR LINEAR LINEAR LINEAR LINEAR LINEAR LINEAR LINEAR LINEAR LINEAR LINEAR
LINEAR LINEAR LINEAR LINEAR LINEAR LINEAR LINEAR LINEAR LINEAR</Name_array>
        <technique_common>
          <accessor source="#mixamorig_LeftShoulder-Interpolations-array" count="20">
            <param type="name"/>
          </accessor>
        </technique_common>
      </source>
      <sampler id="mixamorig_LeftShoulder-Matrix-animation-transform">
        <input semantic="INPUT" source="#mixamorig_LeftShoulder-Matrix-animation-input"/>
        <input semantic="OUTPUT" source="#mixamorig_LeftShoulder-Matrix-animation-output-transform"/>
        <input semantic="INTERPOLATION" source="#mixamorig_LeftShoulder-Interpolations"/>
      </sampler>
      <channel source="#mixamorig_LeftShoulder-Matrix-animation-transform" target="mixamorig_LeftShoulder/matrix"/>
    </animation>
    <animation id="mixamorig_LeftArm-anim" name="mixamorig_LeftArm">
      <source id="mixamorig_LeftArm-Matrix-animation-input">
        <float_array id="mixamorig_LeftArm-Matrix-animation-input-array" count="20">

0.000000 0.033333 0.066667 0.100000 0.133333 0.166667 0.200000 0.233333 0.266667 0.300000 0.333333 0.366667 0.400000 0.433333 0.466667 0.500000
0.533333 0.566667 0.600000 0.633333</float_array>
        <technique_common>
          <accessor source="#mixamorig_LeftArm-Matrix-animation-input-array" count="20">
            <param name="TIME" type="float"/>
          </accessor>
        </technique_common>
      </source>
      <source id="mixamorig_LeftArm-Matrix-animation-output-transform">
        <float_array id="mixamorig_LeftArm-Matrix-animation-output-transform-array" count="320">

0.436551 0.655518 0.616214 -0.000000 0.187376 0.603661 -0.774909 5.607700 -0.879951 0.453751 0.140700 0.000000 0.000000 0.000000 0.000000 1.000000
0.351491 0.699968 0.621690 0.000000 0.086374 0.636984 -0.766023 5.607700 -0.932198 0.322948 0.163435 0.000000 0.000000 0.000000 0.000000 1.000000
0.368525 0.721695 0.585958 -0.000000 0.044797 0.615802 -0.786627 5.607700 -0.928538 0.316141 0.194608 0.000000 0.000000 0.000000 0.000000 1.000000
0.485576 0.706420 0.514963 -0.000000 0.053656 0.563877 -0.824114 5.607700 -0.872546 0.427801 0.235902 0.000000 0.000000 0.000000 0.000000 1.000000
0.637747 0.636632 0.433566 0.000000 0.084693 0.501520 -0.860991 5.607700 -0.765576 0.585814 0.265925 0.000000 0.000000 0.000000 0.000000 1.000000
0.764102 0.511039 0.393684 -0.000000 0.146743 0.456580 -0.877497 5.607700 -0.628184 0.728268 0.273882 0.000000 0.000000 0.000000 0.000000 1.000000
0.866654 0.299208 0.399230 0.000000 0.247975 0.436029 -0.865094 5.607700 -0.432919 0.848737 0.303690 -0.000000 0.000000 0.000000 0.000000 1.000000
0.923837 -0.037559 0.380939 -0.000000 0.366069 0.377572 -0.850549 5.607700 -0.111886 0.925218 0.362564 0.000000 0.000000 0.000000 0.000000 1.000000
0.867665 -0.409988 0.281187 0.000000 0.409238 0.267872 -0.872221 5.607700 0.282278 0.871868 0.400206 0.000000 0.000000 0.000000 0.000000 1.000000
0.740955 -0.657762 0.135405 0.000000 0.368446 0.229600 -0.900850 5.607700 0.561456 0.717379 0.412473 0.000000 0.000000 0.000000 0.000000 1.000000
0.650637 -0.758786 0.030258 0.000000 0.360861 0.273879 -0.891499 5.607700 0.668169 0.590961 0.452012 0.000000 0.000000 0.000000 0.000000 1.000000
0.630194 -0.776020 0.025473 0.000000 0.421711 0.314550 -0.850422 5.607700 0.651932 0.546674 0.525484 0.000000 0.000000 0.000000 0.000000 1.000000
0.692569 -0.706536 0.145451 -0.000000 0.497839 0.322239 -0.805182 5.607700 0.522020 0.630055 0.574914 0.000000 0.000000 0.000000 0.000000 1.000000
0.796467 -0.496720 0.344832 -0.000000 0.538008 0.321811 -0.779092 5.607700 0.276020 0.806044 0.523551 0.000000 0.000000 0.000000 0.000000 1.000000
0.843105 -0.191562 0.502472 0.000000 0.537484 0.329526 -0.776224 5.607700 -0.016883 0.924509 0.380787 0.000000 0.000000 0.000000 0.000000 1.000000
0.833076 0.084740 0.546630 0.000000 0.486037 0.359684 -0.796490 5.607700 -0.264109 0.929218 0.258457 0.000000 0.000000 0.000000 0.000000 1.000000
0.803827 0.292506 0.517980 0.000000 0.391216 0.396011 -0.830738 5.607700 -0.448122 0.870411 0.203891 -0.000000 0.000000 0.000000 0.000000 1.000000
0.731275 0.451793 0.511000 -0.000000 0.322475 0.431155 -0.842683 5.607700 -0.601038 0.781018 0.169601 0.000000 0.000000 0.000000 0.000000 1.000000
0.589618 0.574312 0.567905 -0.000000 0.282546 0.512038 -0.811163 5.607700 -0.756649 0.638736 0.139637 -0.000000 0.000000 0.000000 0.000000 1.000000
0.436551 0.655518 0.616213 -0.000000 0.187376 0.603660 -0.774909 5.607700 -0.879951 0.453751 0.140701 -0.000000 0.000000 0.000000 0.000000 1.000000</float_array>
        <technique_common>
          <accessor source="#mixamorig_LeftArm-Matrix-animation-output-transform-array" count="20" stride="16">
            <param type="float4x4"/>
          </accessor>
        </technique_common>
      </source>
      <source id="mixamorig_LeftArm-Interpolations">
        <Name_array id="mixamorig_LeftArm-Interpolations-array" count="20">
 LINEAR LINEAR LINEAR LINEAR LINEAR LINEAR LINEAR LINEAR LINEAR LINEAR LINEAR
LINEAR LINEAR LINEAR LINEAR LINEAR LINEAR LINEAR LINEAR LINEAR</Name_array>
        <technique_common>
          <accessor source="#mixamorig_LeftArm-Interpolations-array" count="20">
            <param type="name"/>
          </accessor>
        </technique_common>
      </source>
      <sampler id="mixamorig_LeftArm-Matrix-animation-transform">
