<?xml version="1.0" encoding="utf-8"?>
<COLLADA xmlns="http://www.collada.org/2005/11/COLLADASchema" version="1.4.1">
  <asset>
    <contributor>
      <author>Mixamo</author>
      <authoring_tool>COLLADA Mixamo exporter</authoring_tool>
      <comments/>
    </contributor>
    <created>2026-04-28T14:38:48Z</created>
    <modified>2026-04-28T14:38:48Z</modified>
    <revision/>
    <title/>
    <unit meter="0.010000"/>
    <up_axis>Y_UP</up_axis>
  </asset>
  <library_animations>
    <animation id="mixamorig_Hips-anim" name="mixamorig_Hips">
      <source id="mixamorig_Hips-Matrix-animation-input">
        <float_array id="mixamorig_Hips-Matrix-animation-input-array" count="71">

0.000000 0.033333 0.066667 0.100000 0.133333 0.166667 0.200000 0.233333 0.266667 0.300000 0.333333 0.366667 0.400000 0.433333 0.466667 0.500000
0.533333 0.566667 0.600000 0.633333 0.666667 0.700000 0.733333 0.766667 0.800000 0.833333 0.866667 0.900000 0.933333 0.966667 1.000000 1.033333
1.066667 1.100000 1.133333 1.166667 1.200000 1.233333 1.266667 1.300000 1.333333 1.366667 1.400000 1.433333 1.466667 1.500000 1.533333 1.566667
1.600000 1.633333 1.666667 1.700000 1.733333 1.766667 1.800000 1.833333 1.866667 1.900000 1.933333 1.966667 2.000000 2.033333 2.066667 2.100000
2.133333 2.166667 2.200000 2.233333 2.266667 2.300000 2.333333</float_array>
        <technique_common>
          <accessor source="#mixamorig_Hips-Matrix-animation-input-array" count="71">
            <param name="TIME" type="float"/>
          </accessor>
        </technique_common>
      </source>
      <source id="mixamorig_Hips-Matrix-animation-output-transform">
        <float_array id="mixamorig_Hips-Matrix-animation-output-transform-array" count="1136">

0.716793 -0.128743 -0.685298 -2.012814 -0.660557 0.189392 -0.726495 35.426643 0.223321 0.973425 0.050713 2.127503 0.000000 0.000000 0.000000 1.000000
0.709045 -0.151929 -0.688602 -3.106525 -0.664599 0.182445 -0.724584 35.976158 0.235718 0.971407 0.028390 4.775409 0.000000 0.000000 0.000000 1.000000
0.702190 -0.172732 -0.690719 -4.138464 -0.668643 0.173344 -0.723097 36.424706 0.244634 0.969595 0.006225 7.111184 0.000000 0.000000 0.000000 1.000000
0.695779 -0.192674 -0.691931 -5.167052 -0.672503 0.163576 -0.721792 36.831120 0.252253 0.967533 -0.015761 9.367635 0.000000 0.000000 0.000000 1.000000
0.690522 -0.211016 -0.691847 -6.162446 -0.675797 0.152739 -0.721089 37.190998 0.257833 0.965476 -0.037134 11.472587 0.000000 0.000000 0.000000 1.000000
0.687100 -0.228377 -0.689737 -7.167702 -0.677424 0.141820 -0.721792 37.515568 0.262659 0.963188 -0.057264 13.563467 0.000000 0.000000 0.000000 1.000000
0.684000 -0.245304 -0.687001 -8.170171 -0.678853 0.130686 -0.722551 37.825714 0.267026 0.960597 -0.077136 15.640800 0.000000 0.000000 0.000000 1.000000
0.680492 -0.261948 -0.684335 -9.159846 -0.680885 0.119083 -0.722644 38.130672 0.270788 0.957707 -0.097322 17.693727 0.000000 0.000000 0.000000 1.000000
0.678088 -0.277859 -0.680434 -10.138897 -0.681992 0.107280 -0.723449 38.441734 0.274014 0.954613 -0.116752 19.765419 0.000000 0.000000 0.000000 1.000000
0.682236 -0.290286 -0.671035 -11.077067 -0.677081 0.095483 -0.729688 38.769573 0.275890 0.952164 -0.131406 21.866905 0.000000 0.000000 0.000000 1.000000
0.688838 -0.301023 -0.659460 -11.990850 -0.669827 0.083544 -0.737802 39.107071 0.277190 0.949950 -0.144085 23.987320 0.000000 0.000000 0.000000 1.000000
0.697967 -0.309666 -0.645716 -12.870644 -0.659929 0.072017 -0.747868 39.460648 0.278092 0.948114 -0.154092 26.131975 0.000000 0.000000 0.000000 1.000000
0.718363 -0.310004 -0.622777 -13.634726 -0.637692 0.064349 -0.767599 39.877434 0.278034 0.948555 -0.151462 28.341118 0.000000 0.000000 0.000000 1.000000
0.748066 -0.302314 -0.590765 -14.295032 -0.603163 0.061509 -0.795243 40.359764 0.276750 0.951222 -0.136332 30.615795 0.000000 0.000000 0.000000 1.000000
0.780734 -0.289301 -0.553859 -14.901345 -0.561190 0.065183 -0.825116 40.836227 0.274809 0.955016 -0.111462 32.945412 0.000000 0.000000 0.000000 1.000000
0.815023 -0.272182 -0.511522 -15.471481 -0.511875 0.075463 -0.855739 41.291977 0.271518 0.959282 -0.077819 35.330956 0.000000 0.000000 0.000000 1.000000
0.847293 -0.255104 -0.465850 -16.043539 -0.459634 0.087318 -0.883805 41.746990 0.266139 0.962963 -0.043270 37.740223 0.000000 0.000000 0.000000 1.000000
0.877716 -0.238567 -0.415573 -16.611633 -0.403534 0.099690 -0.909517 42.162910 0.258410 0.965996 -0.008770 40.157570 0.000000 0.000000 0.000000 1.000000
0.907385 -0.224592 -0.355262 -17.170664 -0.339150 0.108006 -0.934512 42.406925 0.248255 0.968449 0.021832 42.576096 0.000000 0.000000 0.000000 1.000000
0.933209 -0.218240 -0.285469 -17.726807 -0.268142 0.105914 -0.957540 42.538658 0.239208 0.970131 0.040320 45.017857 0.000000 0.000000 0.000000 1.000000
0.953477 -0.214396 -0.211932 -18.267891 -0.194372 0.100163 -0.975801 42.648331 0.230435 0.971598 0.053831 47.478161 0.000000 0.000000 0.000000 1.000000
0.967562 -0.216244 -0.130625 -18.780035 -0.114505 0.085521 -0.989735 42.712231 0.225196 0.972586 0.057986 49.982979 0.000000 0.000000 0.000000 1.000000
0.974362 -0.220628 -0.044076 -19.252005 -0.030603 0.064117 -0.997473 42.703552 0.222896 0.973248 0.055721 52.525024 0.000000 0.000000 0.000000 1.000000
0.973092 -0.225521 0.047257 -19.629694 0.056267 0.033687 -0.997847 42.508408 0.223443 0.973656 0.045470 55.082050 0.000000 0.000000 0.000000 1.000000
0.964788 -0.226866 0.133102 -19.843979 0.138500 0.007971 -0.990330 42.160305 0.223611 0.973893 0.039112 57.667732 0.000000 0.000000 0.000000 1.000000
0.951112 -0.225208 0.211346 -19.802643 0.214978 -0.008562 -0.976581 41.747902 0.221744 0.974273 0.040271 60.254715 0.000000 0.000000 0.000000 1.000000
0.932550 -0.222772 0.284116 -19.618803 0.287195 -0.019162 -0.957680 41.289707 0.218789 0.974682 0.046109 62.951355 0.000000 0.000000 0.000000 1.000000
0.910515 -0.220922 0.349507 -19.346926 0.353229 -0.023767 -0.935235 40.708054 0.214921 0.975002 0.056396 65.744171 0.000000 0.000000 0.000000 1.000000
0.886515 -0.220290 0.406894 -19.049639 0.412050 -0.024181 -0.910840 39.985294 0.210488 0.975135 0.069334 68.581779 0.000000 0.000000 0.000000 1.000000
0.865359 -0.221502 0.449545 -18.780251 0.457199 -0.018430 -0.889173 39.073845 0.205238 0.974986 0.085322 71.353012 0.000000 0.000000 0.000000 1.000000
0.850046 -0.224438 0.476497 -18.597198 0.487808 -0.005753 -0.872932 38.075596 0.198661 0.974471 0.104593 73.955460 0.000000 0.000000 0.000000 1.000000
0.835472 -0.225192 0.501273 -18.656693 0.516444 0.010010 -0.856262 37.185154 0.187806 0.974263 0.124662 76.326241 0.000000 0.000000 0.000000 1.000000
0.823831 -0.226034 0.519818 -18.811646 0.539175 0.029512 -0.841677 36.345657 0.174907 0.973672 0.146185 78.596336 0.000000 0.000000 0.000000 1.000000
0.822353 -0.229332 0.520714 -19.031485 0.545330 0.056577 -0.836310 35.592838 0.162332 0.971703 0.171588 80.707764 0.000000 0.000000 0.000000 1.000000
0.828451 -0.234987 0.508380 -19.196590 0.538580 0.085275 -0.838248 35.104774 0.153626 0.968251 0.197206 82.705894 0.000000 0.000000 0.000000 1.000000
0.836843 -0.240178 0.491944 -19.245224 0.527551 0.113767 -0.841871 34.745663 0.146232 0.964039 0.221911 84.633301 0.000000 0.000000 0.000000 1.000000
0.846425 -0.244071 0.473279 -19.134968 0.513927 0.141687 -0.846052 34.484982 0.139439 0.959351 0.245362 86.473473 0.000000 0.000000 0.000000 1.000000
0.856729 -0.246563 0.453014 -18.962809 0.498186 0.168229 -0.850594 34.282558 0.133515 0.954414 0.266961 88.261818 0.000000 0.000000 0.000000 1.000000
0.867014 -0.247238 0.432620 -18.740150 0.481561 0.192712 -0.854963 34.119194 0.128008 0.949597 0.286145 90.012039 0.000000 0.000000 0.000000 1.000000
0.876984 -0.245975 0.412790 -18.475132 0.464530 0.214217 -0.859257 34.071472 0.122929 0.945308 0.302128 91.743507 0.000000 0.000000 0.000000 1.000000
0.887280 -0.243734 0.391572 -18.182833 0.445335 0.231745 -0.864853 34.243141 0.120050 0.941747 0.314166 93.459213 0.000000 0.000000 0.000000 1.000000
0.898181 -0.240820 0.367800 -17.871132 0.422931 0.244957 -0.872425 34.658951 0.120002 0.939150 0.321866 95.159988 0.000000 0.000000 0.000000 1.000000
0.908797 -0.236783 0.343543 -17.535538 0.399384 0.255390 -0.880493 35.139011 0.120749 0.937395 0.326665 96.842255 0.000000 0.000000 0.000000 1.000000
0.919453 -0.231581 0.317769 -17.225967 0.373595 0.262509 -0.889672 35.720711 0.122614 0.936728 0.327882 98.497208 0.000000 0.000000 0.000000 1.000000
0.929849 -0.225606 0.290658 -16.823986 0.345915 0.266805 -0.899532 36.358322 0.125391 0.936972 0.326129 100.068214 0.000000 0.000000 0.000000 1.000000
0.939485 -0.219420 0.263103 -16.316149 0.317530 0.269378 -0.909181 36.975391 0.128618 0.937705 0.322749 101.611679 0.000000 0.000000 0.000000 1.000000
0.948321 -0.213263 0.234958 -15.782042 0.288395 0.270445 -0.918525 37.560055 0.132344 0.938818 0.317973 103.141029 0.000000 0.000000 0.000000 1.000000
0.956302 -0.207387 0.206099 -15.225761 0.258484 0.270229 -0.927449 38.099239 0.136647 0.940195 0.312026 104.655136 0.000000 0.000000 0.000000 1.000000
0.963362 -0.202025 0.176407 -14.651937 0.227772 0.268975 -0.935827 38.580238 0.141612 0.941721 0.305136 106.152992 0.000000 0.000000 0.000000 1.000000
0.969491 -0.197454 0.145256 -14.058530 0.195709 0.266694 -0.943701 38.979248 0.147599 0.943338 0.297201 107.630257 0.000000 0.000000 0.000000 1.000000
0.974703 -0.193111 0.112527 -13.442544 0.162018 0.263660 -0.950912 39.328667 0.153963 0.945088 0.288277 109.117592 0.000000 0.000000 0.000000 1.000000
0.978873 -0.188497 0.079225 -12.812286 0.127602 0.260403 -0.957031 39.675770 0.159767 0.946921 0.278954 110.636551 0.000000 0.000000 0.000000 1.000000
0.981984 -0.183562 0.044867 -12.151566 0.091903 0.256464 -0.962175 39.994576 0.165112 0.948963 0.268714 112.185211 0.000000 0.000000 0.000000 1.000000
0.983892 -0.178598 0.007698 -11.460921 0.052992 0.250265 -0.966726 40.352581 0.170728 0.951562 0.255698 113.766739 0.000000 0.000000 0.000000 1.000000
0.984179 -0.174207 -0.032301 -10.751612 0.010980 0.241929 -0.970232 40.747940 0.176836 0.954527 0.240014 115.379234 0.000000 0.000000 0.000000 1.000000
0.982433 -0.171178 -0.074320 -10.031044 -0.033012 0.232557 -0.972022 41.101723 0.183673 0.957400 0.222821 117.016708 0.000000 0.000000 0.000000 1.000000
0.977974 -0.170501 -0.120401 -9.317087 -0.081078 0.221224 -0.971847 41.447495 0.192337 0.960203 0.202527 118.675110 0.000000 0.000000 0.000000 1.000000
0.970643 -0.171444 -0.168700 -8.495892 -0.131617 0.208462 -0.969134 41.758175 0.201320 0.962887 0.179777 120.367882 0.000000 0.000000 0.000000 1.000000
0.960408 -0.173501 -0.217977 -7.702778 -0.183409 0.195191 -0.963463 41.990913 0.209709 0.965297 0.155641 122.087967 0.000000 0.000000 0.000000 1.000000
0.947521 -0.175343 -0.267316 -6.933042 -0.235173 0.184115 -0.954356 42.056664 0.216557 0.967138 0.133217 123.832619 0.000000 0.000000 0.000000 1.000000
0.932157 -0.176562 -0.316084 -6.171551 -0.286357 0.174678 -0.942065 42.008762 0.221546 0.968666 0.112267 125.609779 0.000000 0.000000 0.000000 1.000000
0.914676 -0.176689 -0.363524 -5.413590 -0.336231 0.166524 -0.926940 41.846130 0.224315 0.970078 0.092908 127.446754 0.000000 0.000000 0.000000 1.000000
0.896033 -0.173971 -0.408484 -4.698548 -0.383045 0.162309 -0.909358 41.457840 0.224503 0.971283 0.078795 129.381760 0.000000 0.000000 0.000000 1.000000
0.875896 -0.171125 -0.451135 -3.986400 -0.427560 0.158028 -0.890067 41.017223 0.223604 0.972494 0.065250 131.364090 0.000000 0.000000 0.000000 1.000000
0.857310 -0.166009 -0.487300 -3.576310 -0.464739 0.157603 -0.871309 40.208836 0.221445 0.973449 0.057963 133.330109 0.000000 0.000000 0.000000 1.000000
0.838918 -0.158459 -0.520680 -3.241625 -0.499231 0.156978 -0.852131 39.228039 0.216763 0.974807 0.052584 135.377167 0.000000 0.000000 0.000000 1.000000
0.819013 -0.149908 -0.553846 -2.899253 -0.533379 0.156864 -0.831204 38.273319 0.211483 0.976177 0.048515 137.420532 0.000000 0.000000 0.000000 1.000000
0.796132 -0.143301 -0.587910 -2.562305 -0.567714 0.159423 -0.807642 37.487736 0.209462 0.976754 0.045568 139.290283 0.000000 0.000000 0.000000 1.000000
0.769988 -0.139752 -0.622566 -2.269188 -0.601578 0.166187 -0.781336 36.880074 0.212655 0.976141 0.043890 140.921875 0.000000 0.000000 0.000000 1.000000
0.743927 -0.134537 -0.654578 -2.100314 -0.631982 0.176713 -0.754567 36.134441 0.217189 0.975024 0.046437 142.571457 0.000000 0.000000 0.000000 1.000000
0.716793 -0.128743 -0.685298 -2.012813 -0.660557 0.189392 -0.726495 35.426640 0.223321 0.973425 0.050713 144.282944 0.000000 0.000000 0.000000 1.000000</float_array>
        <technique_common>
          <accessor source="#mixamorig_Hips-Matrix-animation-output-transform-array" count="71" stride="16">
            <param type="float4x4"/>
          </accessor>
        </technique_common>
      </source>
      <source id="mixamorig_Hips-Interpolations">
        <Name_array id="mixamorig_Hips-Interpolations-array" count="71">
 LINEAR LINEAR LINEAR LINEAR LINEAR LINEAR LINEAR LINEAR LINEAR LINEAR LINEAR
LINEAR LINEAR LINEAR LINEAR LINEAR LINEAR LINEAR LINEAR LINEAR LINEAR LINEAR LINEAR
LINEAR LINEAR LINEAR LINEAR LINEAR LINEAR LINEAR LINEAR LINEAR LINEAR LINEAR LINEAR
LINEAR LINEAR LINEAR LINEAR LINEAR LINEAR LINEAR LINEAR LINEAR LINEAR LINEAR LINEAR
LINEAR LINEAR LINEAR LINEAR LINEAR LINEAR LINEAR LINEAR LINEAR LINEAR LINEAR LINEAR
LINEAR LINEAR LINEAR LINEAR LINEAR LINEAR LINEAR LINEAR LINEAR LINEAR LINEAR LINEAR</Name_array>
        <technique_common>
          <accessor source="#mixamorig_Hips-Interpolations-array" count="71">
            <param type="name"/>
          </accessor>
        </technique_common>
      </source>
      <sampler id="mixamorig_Hips-Matrix-animation-transform">
        <input semantic="INPUT" source="#mixamorig_Hips-Matrix-animation-input"/>
        <input semantic="OUTPUT" source="#mixamorig_Hips-Matrix-animation-output-transform"/>
        <input semantic="INTERPOLATION" source="#mixamorig_Hips-Interpolations"/>
      </sampler>
      <channel source="#mixamorig_Hips-Matrix-animation-transform" target="mixamorig_Hips/matrix"/>
    </animation>
    <animation id="mixamorig_Spine-anim" name="mixamorig_Spine">
      <source id="mixamorig_Spine-Matrix-animation-input">
        <float_array id="mixamorig_Spine-Matrix-animation-input-array" count="71">

0.000000 0.033333 0.066667 0.100000 0.133333 0.166667 0.200000 0.233333 0.266667 0.300000 0.333333 0.366667 0.400000 0.433333 0.466667 0.500000
0.533333 0.566667 0.600000 0.633333 0.666667 0.700000 0.733333 0.766667 0.800000 0.833333 0.866667 0.900000 0.933333 0.966667 1.000000 1.033333
1.066667 1.100000 1.133333 1.166667 1.200000 1.233333 1.266667 1.300000 1.333333 1.366667 1.400000 1.433333 1.466667 1.500000 1.533333 1.566667
1.600000 1.633333 1.666667 1.700000 1.733333 1.766667 1.800000 1.833333 1.866667 1.900000 1.933333 1.966667 2.000000 2.033333 2.066667 2.100000
2.133333 2.166667 2.200000 2.233333 2.266667 2.300000 2.333333</float_array>
        <technique_common>
          <accessor source="#mixamorig_Spine-Matrix-animation-input-array" count="71">
            <param name="TIME" type="float"/>
          </accessor>
        </technique_common>
      </source>
      <source id="mixamorig_Spine-Matrix-animation-output-transform">
        <float_array id="mixamorig_Spine-Matrix-animation-output-transform-array" count="1136">

0.964210 -0.012040 0.264868 -0.002400 0.094198 0.949353 -0.299759 12.777500 -0.247844 0.313980 0.916509 0.315300 0.000000 0.000000 0.000000 1.000000
0.959865 0.005934 0.280400 -0.002400 0.075608 0.957287 -0.279077 12.777500 -0.270080 0.289077 0.918418 0.315300 0.000000 0.000000 0.000000 1.000000
0.954951 0.020425 0.296058 -0.002400 0.059334 0.964344 -0.257916 12.777500 -0.290770 0.263864 0.919689 0.315300 0.000000 0.000000 0.000000 1.000000
0.949655 0.033749 0.311475 -0.002400 0.043241 0.970547 -0.236999 12.777500 -0.310299 0.238536 0.920225 0.315300 0.000000 0.000000 0.000000 1.000000
0.944131 0.045555 0.326408 -0.002400 0.027856 0.975827 -0.216763 12.777500 -0.328392 0.213745 0.920039 0.315300 0.000000 0.000000 0.000000 1.000000
0.938778 0.057429 0.339703 -0.002400 0.011834 0.980052 -0.198388 12.777500 -0.344320 0.190262 0.919372 0.315300 0.000000 0.000000 0.000000 1.000000
0.933176 0.069054 0.352725 -0.002400 -0.004512 0.983543 -0.180615 12.777500 -0.359392 0.166955 0.918130 0.315300 0.000000 0.000000 0.000000 1.000000
0.927114 0.079887 0.366167 -0.002400 -0.020788 0.986475 -0.162586 12.777500 -0.374204 0.143124 0.916235 0.315300 0.000000 0.000000 0.000000 1.000000
0.921094 0.090617 0.378647 -0.002400 -0.037352 0.988619 -0.145733 12.777500 -0.387543 0.120090 0.913996 0.315300 0.000000 0.000000 0.000000 1.000000
0.917082 0.099913 0.385977 -0.002400 -0.051272 0.989607 -0.134345 12.777500 -0.395388 0.103415 0.912674 0.315300 0.000000 0.000000 0.000000 1.000000
0.913818 0.108375 0.391396 -0.002400 -0.063908 0.990104 -0.124942 12.777500 -0.401063 0.089160 0.911701 0.315300 0.000000 0.000000 0.000000 1.000000
0.911394 0.116067 0.394828 -0.002400 -0.075200 0.990221 -0.117506 12.777500 -0.404605 0.077403 0.911210 0.315300 0.000000 0.000000 0.000000 1.000000
0.913126 0.121561 0.389131 -0.002400 -0.081080 0.989593 -0.118881 12.777500 -0.399532 0.077002 0.913479 0.315300 0.000000 0.000000 0.000000 1.000000
0.918574 0.124971 0.374972 -0.002400 -0.082119 0.988339 -0.128226 12.777500 -0.386624 0.086993 0.918125 0.315300 0.000000 0.000000 0.000000 1.000000
0.925878 0.126695 0.355948 -0.002400 -0.080495 0.986618 -0.141795 12.777500 -0.369149 0.102633 0.923686 0.315300 0.000000 0.000000 0.000000 1.000000
0.934618 0.127232 0.332117 -0.002400 -0.077310 0.984171 -0.159470 12.777500 -0.347150 0.123368 0.929660 0.315300 0.000000 0.000000 0.000000 1.000000
0.943130 0.127946 0.306817 -0.002400 -0.075256 0.981179 -0.177832 12.777500 -0.323795 0.144629 0.935008 0.315300 0.000000 0.000000 0.000000 1.000000
0.951576 0.129909 0.278617 -0.002400 -0.075958 0.977580 -0.196385 12.777500 -0.297883 0.165712 0.940109 0.315300 0.000000 0.000000 0.000000 1.000000
0.960536 0.138002 0.241506 -0.002400 -0.086340 0.973283 -0.212757 12.777500 -0.264415 0.183509 0.946789 0.315300 0.000000 0.000000 0.000000 1.000000
0.968358 0.153427 0.196830 -0.002400 -0.108612 0.969179 -0.221121 12.777500 -0.224690 0.192746 0.955177 0.315300 0.000000 0.000000 0.000000 1.000000
0.973846 0.170454 0.150231 -0.002400 -0.134174 0.965034 -0.225183 12.777500 -0.183361 0.199137 0.962665 0.315300 0.000000 0.000000 0.000000 1.000000
0.976788 0.190354 0.098236 -0.002400 -0.164803 0.960778 -0.223037 12.777500 -0.136839 0.201670 0.969847 0.315300 0.000000 0.000000 0.000000 1.000000
0.976416 0.211636 0.042689 -0.002400 -0.197864 0.956299 -0.215270 12.777500 -0.086383 0.201746 0.975621 0.315300 0.000000 0.000000 0.000000 1.000000
0.972774 0.231157 -0.016637 -0.002400 -0.229691 0.952070 -0.202001 12.777500 -0.030855 0.200322 0.979244 0.315300 0.000000 0.000000 0.000000 1.000000
0.967422 0.241732 -0.075228 -0.002400 -0.251849 0.949201 -0.188654 12.777500 0.025802 0.201454 0.979158 0.315300 0.000000 0.000000 0.000000 1.000000
0.961144 0.243353 -0.130313 -0.002400 -0.264248 0.947632 -0.179349 12.777500 0.079843 0.206815 0.975117 0.315300 0.000000 0.000000 0.000000 1.000000
0.952840 0.242287 -0.182736 -0.002400 -0.273667 0.946256 -0.172355 12.777500 0.131156 0.214235 0.967937 0.315300 0.000000 0.000000 0.000000 1.000000
0.942332 0.241226 -0.231991 -0.002400 -0.283032 0.944329 -0.167734 12.777500 0.178614 0.223722 0.958147 0.315300 0.000000 0.000000 0.000000 1.000000
0.929975 0.241182 -0.277450 -0.002400 -0.293167 0.941913 -0.163871 12.777500 0.221810 0.233735 0.946662 0.315300 0.000000 0.000000 0.000000 1.000000
0.917994 0.241709 -0.314425 -0.002400 -0.302039 0.939890 -0.159308 12.777500 0.257019 0.241212 0.935819 0.315300 0.000000 0.000000 0.000000 1.000000
0.907888 0.242636 -0.341859 -0.002400 -0.308697 0.938679 -0.153585 12.777500 0.283631 0.244969 0.927116 0.315300 0.000000 0.000000 0.000000 1.000000
0.898260 0.240007 -0.368138 -0.002400 -0.311735 0.938442 -0.148820 12.777500 0.309758 0.248441 0.917784 0.315300 0.000000 0.000000 0.000000 1.000000
0.889647 0.236142 -0.390851 -0.002400 -0.312658 0.938817 -0.144456 12.777500 0.332825 0.250718 0.909048 0.315300 0.000000 0.000000 0.000000 1.000000
0.884653 0.233384 -0.403635 -0.002400 -0.311795 0.939782 -0.139979 12.777500 0.346660 0.249684 0.904149 0.315300 0.000000 0.000000 0.000000 1.000000
0.880667 0.234492 -0.411629 -0.002400 -0.313627 0.939812 -0.135613 12.777500 0.355054 0.248528 0.901205 0.315300 0.000000 0.000000 0.000000 1.000000
0.876895 0.236885 -0.418260 -0.002400 -0.316334 0.939548 -0.131083 12.777500 0.361924 0.247256 0.898819 0.315300 0.000000 0.000000 0.000000 1.000000
0.873780 0.238685 -0.423718 -0.002400 -0.318015 0.939607 -0.126512 12.777500 0.367932 0.245293 0.896915 0.315300 0.000000 0.000000 0.000000 1.000000
0.871504 0.239502 -0.427924 -0.002400 -0.318169 0.940181 -0.121773 12.777500 0.373161 0.242278 0.895574 0.315300 0.000000 0.000000 0.000000 1.000000
0.869763 0.239716 -0.431333 -0.002400 -0.317469 0.940999 -0.117196 12.777500 0.377790 0.238868 0.894549 0.315300 0.000000 0.000000 0.000000 1.000000
0.868374 0.239487 -0.434249 -0.002400 -0.316387 0.941845 -0.113260 12.777500 0.381871 0.235743 0.893644 0.315300 0.000000 0.000000 0.000000 1.000000
0.867583 0.238967 -0.436114 -0.002400 -0.315222 0.942549 -0.110619 12.777500 0.384624 0.233444 0.893067 0.315300 0.000000 0.000000 0.000000 1.000000
0.867547 0.238300 -0.436550 -0.002400 -0.314054 0.943092 -0.109307 12.777500 0.385659 0.231930 0.893015 0.315300 0.000000 0.000000 0.000000 1.000000
0.867893 0.237521 -0.436285 -0.002400 -0.312725 0.943642 -0.108363 12.777500 0.385958 0.230485 0.893260 0.315300 0.000000 0.000000 0.000000 1.000000
0.869600 0.235808 -0.433809 -0.002400 -0.310378 0.944362 -0.108842 12.777500 0.384007 0.229294 0.894406 0.315300 0.000000 0.000000 0.000000 1.000000
0.872422 0.233497 -0.429371 -0.002400 -0.307287 0.945197 -0.110353 12.777500 0.380073 0.228214 0.896361 0.315300 0.000000 0.000000 0.000000 1.000000
0.875379 0.231478 -0.424416 -0.002400 -0.304385 0.945955 -0.111883 12.777500 0.375581 0.227126 0.898528 0.315300 0.000000 0.000000 0.000000 1.000000
0.878512 0.229766 -0.418836 -0.002400 -0.301709 0.946615 -0.113540 12.777500 0.370389 0.226113 0.900935 0.315300 0.000000 0.000000 0.000000 1.000000
0.881842 0.228413 -0.412531 -0.002400 -0.299320 0.947146 -0.115416 12.777500 0.364364 0.225258 0.903603 0.315300 0.000000 0.000000 0.000000 1.000000
0.885388 0.227485 -0.405387 -0.002400 -0.297290 0.947518 -0.117593 12.777500 0.357361 0.224633 0.906550 0.315300 0.000000 0.000000 0.000000 1.000000
0.889911 0.225455 -0.396520 -0.002400 -0.293949 0.948184 -0.120590 12.777500 0.348786 0.223871 0.910071 0.315300 0.000000 0.000000 0.000000 1.000000
0.895986 0.220290 -0.385592 -0.002400 -0.287158 0.949736 -0.124670 12.777500 0.338747 0.222428 0.914208 0.315300 0.000000 0.000000 0.000000 1.000000
0.902504 0.213776 -0.373879 -0.002400 -0.278874 0.951616 -0.129058 12.777500 0.328200 0.220741 0.918454 0.315300 0.000000 0.000000 0.000000 1.000000
0.910360 0.203717 -0.360201 -0.002400 -0.266717 0.954367 -0.134336 12.777500 0.316397 0.218365 0.923152 0.315300 0.000000 0.000000 0.000000 1.000000
0.920442 0.189463 -0.341892 -0.002400 -0.249881 0.957816 -0.141944 12.777500 0.300577 0.216084 0.928957 0.315300 0.000000 0.000000 0.000000 1.000000
0.931791 0.172699 -0.319282 -0.002400 -0.230011 0.961361 -0.151265 12.777500 0.280822 0.214385 0.935509 0.315300 0.000000 0.000000 0.000000 1.000000
0.943009 0.155503 -0.294197 -0.002400 -0.209312 0.964482 -0.161129 12.777500 0.258692 0.213525 0.942065 0.315300 0.000000 0.000000 0.000000 1.000000
0.954555 0.137852 -0.264238 -0.002400 -0.187361 0.967057 -0.172329 12.777500 0.231777 0.214005 0.948937 0.315300 0.000000 0.000000 0.000000 1.000000
0.965447 0.122201 -0.230174 -0.002400 -0.166081 0.969156 -0.182082 12.777500 0.200823 0.214018 0.955963 0.315300 0.000000 0.000000 0.000000 1.000000
0.975242 0.108465 -0.192711 -0.002400 -0.145757 0.970647 -0.191308 12.777500 0.166305 0.214660 0.962426 0.315300 0.000000 0.000000 0.000000 1.000000
0.983800 0.094897 -0.152090 -0.002400 -0.124950 0.971347 -0.202171 12.777500 0.128547 0.217900 0.967469 0.315300 0.000000 0.000000 0.000000 1.000000
0.990620 0.081267 -0.109849 -0.002400 -0.103330 0.971557 -0.213072 12.777500 0.089409 0.222424 0.970842 0.315300 0.000000 0.000000 0.000000 1.000000
0.995454 0.067526 -0.067170 -0.002400 -0.080962 0.971373 -0.223336 12.777500 0.050167 0.227759 0.972424 0.315300 0.000000 0.000000 0.000000 1.000000
0.998216 0.054466 -0.024455 -0.002400 -0.058689 0.970380 -0.234348 12.777500 0.010966 0.235365 0.971845 0.315300 0.000000 0.000000 0.000000 1.000000
0.999014 0.040949 0.017145 -0.002400 -0.035538 0.969134 -0.243960 12.777500 -0.026606 0.243110 0.969634 0.315300 0.000000 0.000000 0.000000 1.000000
0.998184 0.028375 0.053130 -0.002400 -0.014007 0.967252 -0.253430 12.777500 -0.058581 0.252225 0.965894 0.315300 0.000000 0.000000 0.000000 1.000000
0.996065 0.013867 0.087533 -0.002400 0.009569 0.965080 -0.261781 12.777500 -0.088107 0.261588 0.961150 0.315300 0.000000 0.000000 0.000000 1.000000
0.992427 -0.000143 0.122835 -0.002400 0.033440 0.962544 -0.269055 12.777500 -0.118195 0.271125 0.955260 0.315300 0.000000 0.000000 0.000000 1.000000
0.987173 -0.009551 0.159367 -0.002400 0.053827 0.959677 -0.275903 12.777500 -0.150305 0.280942 0.947882 0.315300 0.000000 0.000000 0.000000 1.000000
0.980462 -0.012509 0.196308 -0.002400 0.068901 0.956590 -0.283174 12.777500 -0.184245 0.291167 0.938763 0.315300 0.000000 0.000000 0.000000 1.000000
0.972870 -0.013035 0.230983 -0.002400 0.081933 0.953115 -0.291304 12.777500 -0.216357 0.302326 0.928326 0.315300 0.000000 0.000000 0.000000 1.000000
0.964209 -0.012040 0.264868 -0.002400 0.094199 0.949353 -0.299759 12.777500 -0.247844 0.313981 0.916509 0.315300 0.000000 0.000000 0.000000 1.000000</float_array>
        <technique_common>
          <accessor source="#mixamorig_Spine-Matrix-animation-output-transform-array" count="71" stride="16">
            <param type="float4x4"/>
          </accessor>
        </technique_common>
      </source>
      <source id="mixamorig_Spine-Interpolations">
        <Name_array id="mixamorig_Spine-Interpolations-array" count="71">
 LINEAR LINEAR LINEAR LINEAR LINEAR LINEAR LINEAR LINEAR LINEAR LINEAR LINEAR
LINEAR LINEAR LINEAR LINEAR LINEAR LINEAR LINEAR LINEAR LINEAR LINEAR LINEAR LINEAR
LINEAR LINEAR LINEAR LINEAR LINEAR LINEAR LINEAR LINEAR LINEAR LINEAR LINEAR LINEAR
LINEAR LINEAR LINEAR LINEAR LINEAR LINEAR LINEAR LINEAR LINEAR LINEAR LINEAR LINEAR
LINEAR LINEAR LINEAR LINEAR LINEAR LINEAR LINEAR LINEAR LINEAR LINEAR LINEAR LINEAR
LINEAR LINEAR LINEAR LINEAR LINEAR LINEAR LINEAR LINEAR LINEAR LINEAR LINEAR LINEAR</Name_array>
        <technique_common>
          <accessor source="#mixamorig_Spine-Interpolations-array" count="71">
            <param type="name"/>
          </accessor>
        </technique_common>
      </source>
      <sampler id="mixamorig_Spine-Matrix-animation-transform">
        <input semantic="INPUT" source="#mixamorig_Spine-Matrix-animation-input"/>
        <input semantic="OUTPUT" source="#mixamorig_Spine-Matrix-animation-output-transform"/>
        <input semantic="INTERPOLATION" source="#mixamorig_Spine-Interpolations"/>
      </sampler>
      <channel source="#mixamorig_Spine-Matrix-animation-transform" target="mixamorig_Spine/matrix"/>
    </animation>
    <animation id="mixamorig_Spine1-anim" name="mixamorig_Spine1">
      <source id="mixamorig_Spine1-Matrix-animation-input">
        <float_array id="mixamorig_Spine1-Matrix-animation-input-array" count="71">

0.000000 0.033333 0.066667 0.100000 0.133333 0.166667 0.200000 0.233333 0.266667 0.300000 0.333333 0.366667 0.400000 0.433333 0.466667 0.500000
0.533333 0.566667 0.600000 0.633333 0.666667 0.700000 0.733333 0.766667 0.800000 0.833333 0.866667 0.900000 0.933333 0.966667 1.000000 1.033333
1.066667 1.100000 1.133333 1.166667 1.200000 1.233333 1.266667 1.300000 1.333333 1.366667 1.400000 1.433333 1.466667 1.500000 1.533333 1.566667
1.600000 1.633333 1.666667 1.700000 1.733333 1.766667 1.800000 1.833333 1.866667 1.900000 1.933333 1.966667 2.000000 2.033333 2.066667 2.100000
2.133333 2.166667 2.200000 2.233333 2.266667 2.300000 2.333333</float_array>
        <technique_common>
          <accessor source="#mixamorig_Spine1-Matrix-animation-input-array" count="71">
            <param name="TIME" type="float"/>
          </accessor>
        </technique_common>
      </source>
      <source id="mixamorig_Spine1-Matrix-animation-output-transform">
        <float_array id="mixamorig_Spine1-Matrix-animation-output-transform-array" count="1136">

0.997372 -0.005496 0.072238 0.000000 0.007864 0.999439 -0.032545 8.792700 -0.072019 0.033028 0.996856 0.000000 0.000000 0.000000 0.000000 1.000000
0.996945 -0.004931 0.077946 -0.000000 0.007051 0.999612 -0.026959 8.792700 -0.077783 0.027426 0.996593 0.000000 0.000000 0.000000 0.000000 1.000000
0.996486 -0.004365 0.083651 0.000000 0.006175 0.999752 -0.021380 8.792700 -0.083537 0.021821 0.996266 -0.000000 0.000000 0.000000 0.000000 1.000000
0.995996 -0.003804 0.089320 0.000000 0.005239 0.999861 -0.015831 8.792700 -0.089247 0.016236 0.995877 0.000000 0.000000 0.000000 0.000000 1.000000
0.995492 -0.003263 0.094787 -0.000000 0.004271 0.999936 -0.010435 8.792700 -0.094747 0.010793 0.995443 0.000000 0.000000 0.000000 0.000000 1.000000
0.994996 -0.002820 0.099871 -0.000000 0.003368 0.999980 -0.005320 8.792700 -0.099854 0.005629 0.994986 0.000000 0.000000 0.000000 0.000000 1.000000
0.994477 -0.002864 0.104918 0.000000 0.002903 0.999996 -0.000220 8.792700 -0.104917 0.000524 0.994481 0.000000 0.000000 0.000000 0.000000 1.000000
0.993910 -0.003543 0.110134 0.000000 0.003008 0.999983 0.005027 8.792700 -0.110150 -0.004665 0.993904 0.000000 0.000000 0.000000 0.000000 1.000000
0.993343 -0.004246 0.115116 -0.000000 0.003102 0.999944 0.010111 8.792700 -0.115153 -0.009687 0.993301 -0.000000 0.000000 0.000000 0.000000 1.000000
0.992948 -0.003121 0.118506 -0.000000 0.001480 0.999902 0.013932 8.792700 -0.118538 -0.013658 0.992856 0.000000 0.000000 0.000000 0.000000 1.000000
0.992617 -0.001286 0.121286 0.000000 -0.000814 0.999851 0.017263 8.792700 -0.121290 -0.017234 0.992467 0.000000 0.000000 0.000000 0.000000 1.000000
0.992355 0.001262 0.123411 0.000000 -0.003772 0.999791 0.020102 8.792700 -0.123359 -0.020414 0.992152 0.000000 0.000000 0.000000 0.000000 1.000000
0.992437 0.006920 0.122560 0.000000 -0.009544 0.999737 0.020831 8.792700 -0.122384 -0.021843 0.992242 0.000000 0.000000 0.000000 0.000000 1.000000
0.992782 0.015202 0.118963 0.000000 -0.017676 0.999648 0.019771 8.792700 -0.118621 -0.021731 0.992702 0.000000 0.000000 0.000000 0.000000 1.000000
0.993206 0.023759 0.113920 0.000000 -0.026002 0.999495 0.018243 8.792700 -0.113429 -0.021081 0.993322 -0.000000 0.000000 0.000000 0.000000 1.000000
0.993667 0.032458 0.107579 0.000000 -0.034413 0.999274 0.016366 8.792700 -0.106970 -0.019964 0.994062 0.000000 0.000000 0.000000 0.000000 1.000000
0.994039 0.041138 0.100964 0.000000 -0.042820 0.998977 0.014551 8.792700 -0.100262 -0.018788 0.994784 -0.000000 0.000000 0.000000 0.000000 1.000000
0.994356 0.049575 0.093798 0.000000 -0.051006 0.998615 0.012919 8.792700 -0.093028 -0.017631 0.995507 0.000000 0.000000 0.000000 0.000000 1.000000
0.994758 0.056834 0.085005 0.000000 -0.058056 0.998241 0.011981 8.792700 -0.084175 -0.016853 0.996308 0.000000 0.000000 0.000000 0.000000 1.000000
0.995154 0.063738 0.074868 0.000000 -0.064798 0.997828 0.011821 8.792700 -0.073952 -0.016615 0.997123 0.000000 0.000000 0.000000 0.000000 1.000000
0.995403 0.070940 0.064340 0.000000 -0.071843 0.997346 0.011825 8.792700 -0.063331 -0.016393 0.997858 0.000000 0.000000 0.000000 0.000000 1.000000
0.995450 0.079575 0.052419 0.000000 -0.080299 0.996700 0.011851 8.792700 -0.051303 -0.016007 0.998555 0.000000 0.000000 0.000000 0.000000 1.000000
0.995244 0.089070 0.039444 0.000000 -0.089596 0.995908 0.011781 8.792700 -0.038233 -0.015259 0.999152 0.000000 0.000000 0.000000 0.000000 1.000000
0.994789 0.098873 0.024882 -0.000000 -0.099175 0.995007 0.011203 8.792700 -0.023650 -0.013613 0.999628 0.000000 0.000000 0.000000 0.000000 1.000000
0.994273 0.106464 0.009339 0.000000 -0.106554 0.994260 0.009691 8.792700 -0.008254 -0.010631 0.999909 0.000000 0.000000 0.000000 0.000000 1.000000
0.993808 0.110935 -0.006315 0.000000 -0.110889 0.993806 0.007284 8.792700 0.007084 -0.006539 0.999954 0.000000 0.000000 0.000000 0.000000 1.000000
0.993266 0.113789 -0.021797 0.000000 -0.113718 0.993503 0.004474 8.792700 0.022165 -0.001965 0.999752 0.000000 0.000000 0.000000 0.000000 1.000000
0.992546 0.116145 -0.036927 -0.000000 -0.116176 0.993228 0.001315 8.792700 0.036830 0.002985 0.999317 -0.000000 0.000000 0.000000 0.000000 1.000000
0.991649 0.118309 -0.051325 0.000000 -0.118558 0.992945 -0.001821 8.792700 0.050747 0.007891 0.998680 0.000000 0.000000 0.000000 0.000000 1.000000
0.990762 0.119856 -0.063444 -0.000000 -0.120369 0.992720 -0.004312 8.792700 0.062465 0.011909 0.997976 0.000000 0.000000 0.000000 0.000000 1.000000
0.989958 0.121168 -0.072812 0.000000 -0.121916 0.992523 -0.005895 8.792700 0.071553 0.014713 0.997328 0.000000 0.000000 0.000000 0.000000 1.000000
0.989113 0.122446 -0.081619 -0.000000 -0.123443 0.992325 -0.007268 8.792700 0.080102 0.017264 0.996637 0.000000 0.000000 0.000000 0.000000 1.000000
0.988298 0.123690 -0.089264 0.000000 -0.124914 0.992133 -0.008237 8.792700 0.087543 0.019291 0.995974 0.000000 0.000000 0.000000 0.000000 1.000000
0.987713 0.124977 -0.093824 0.000000 -0.126289 0.991960 -0.008150 8.792700 0.092051 0.019898 0.995555 -0.000000 0.000000 0.000000 0.000000 1.000000
0.987192 0.126942 -0.096634 0.000000 -0.128228 0.991719 -0.007197 8.792700 0.094920 0.019496 0.995294 0.000000 0.000000 0.000000 0.000000 1.000000
0.986763 0.128557 -0.098854 -0.000000 -0.129766 0.991527 -0.005866 8.792700 0.097262 0.018616 0.995085 0.000000 0.000000 0.000000 0.000000 1.000000
0.986536 0.128953 -0.100587 0.000000 -0.130037 0.991500 -0.004267 8.792700 0.099181 0.017290 0.994919 0.000000 0.000000 0.000000 0.000000 1.000000
0.986610 0.127439 -0.101785 0.000000 -0.128350 0.991726 -0.002429 8.792700 0.100633 0.015461 0.994804 -0.000000 0.000000 0.000000 0.000000 1.000000
0.986897 0.124466 -0.102679 0.000000 -0.125187 0.992133 -0.000585 8.792700 0.101798 0.013431 0.994714 0.000000 0.000000 0.000000 0.000000 1.000000
0.987335 0.120318 -0.103410 0.000000 -0.120855 0.992670 0.001081 8.792700 0.102782 0.011431 0.994638 0.000000 0.000000 0.000000 0.000000 1.000000
0.987932 0.114983 -0.103776 0.000000 -0.115346 0.993322 0.002520 8.792700 0.103373 0.009481 0.994597 -0.000000 0.000000 0.000000 0.000000 1.000000
0.988678 0.108499 -0.103655 0.000000 -0.108696 0.994068 0.003768 8.792700 0.103449 0.007541 0.994606 0.000000 0.000000 0.000000 0.000000 1.000000
0.989460 0.101433 -0.103348 0.000000 -0.101470 0.994826 0.004910 8.792700 0.103311 0.005628 0.994633 -0.000000 0.000000 0.000000 0.000000 1.000000
0.990311 0.093715 -0.102477 0.000000 -0.093626 0.995591 0.005682 8.792700 0.102557 0.003967 0.994719 0.000000 0.000000 0.000000 0.000000 1.000000
0.991182 0.085624 -0.101130 0.000000 -0.085440 0.996324 0.006153 8.792700 0.101285 0.002542 0.994854 0.000000 0.000000 0.000000 0.000000 1.000000
0.991989 0.077593 -0.099688 0.000000 -0.077323 0.996984 0.006579 8.792700 0.099898 0.001182 0.994997 0.000000 0.000000 0.000000 0.000000 1.000000
0.992725 0.069773 -0.098127 0.000000 -0.069427 0.997563 0.006938 8.792700 0.098372 -0.000075 0.995150 -0.000000 0.000000 0.000000 0.000000 1.000000
0.993388 0.062314 -0.096423 0.000000 -0.061907 0.998056 0.007206 8.792700 0.096684 -0.001189 0.995314 0.000000 0.000000 0.000000 0.000000 1.000000
0.993979 0.055366 -0.094551 0.000000 -0.054915 0.998464 0.007372 8.792700 0.094814 -0.002135 0.995493 0.000000 0.000000 0.000000 0.000000 1.000000
0.994517 0.049143 -0.092305 0.000000 -0.048679 0.998788 0.007272 8.792700 0.092551 -0.002739 0.995704 0.000000 0.000000 0.000000 0.000000 1.000000
0.995031 0.043379 -0.089614 0.000000 -0.042931 0.999054 0.006917 8.792700 0.089830 -0.003035 0.995953 -0.000000 0.000000 0.000000 0.000000 1.000000
0.995513 0.037696 -0.086791 0.000000 -0.037272 0.999284 0.006503 8.792700 0.086974 -0.003239 0.996205 0.000000 0.000000 0.000000 0.000000 1.000000
0.995983 0.032152 -0.083567 0.000000 -0.031774 0.999478 0.005844 8.792700 0.083711 -0.003165 0.996485 0.000000 0.000000 0.000000 0.000000 1.000000
0.996523 0.025861 -0.079205 0.000000 -0.025591 0.999663 0.004419 8.792700 0.079293 -0.002376 0.996849 0.000000 0.000000 0.000000 0.000000 1.000000
0.997098 0.018869 -0.073750 0.000000 -0.018739 0.999821 0.002443 8.792700 0.073783 -0.001054 0.997274 0.000000 0.000000 0.000000 0.000000 1.000000
0.997641 0.011997 -0.067587 0.000000 -0.011990 0.999928 0.000499 8.792700 0.067588 0.000312 0.997713 -0.000000 0.000000 0.000000 0.000000 1.000000
0.998183 0.005479 -0.060009 0.000000 -0.005572 0.999984 -0.001375 8.792700 0.060000 0.001707 0.998197 0.000000 0.000000 0.000000 0.000000 1.000000
0.998671 0.000928 -0.051537 0.000000 -0.001058 0.999996 -0.002503 8.792700 0.051534 0.002554 0.998668 -0.000000 0.000000 0.000000 0.000000 1.000000
0.999099 -0.001808 -0.042400 0.000000 0.001683 0.999994 -0.002997 8.792700 0.042405 0.002922 0.999096 -0.000000 0.000000 0.000000 0.000000 1.000000
0.999464 -0.003791 -0.032532 -0.000000 0.003665 0.999986 -0.003921 8.792700 0.032547 0.003800 0.999463 -0.000000 0.000000 0.000000 0.000000 1.000000
0.999736 -0.005434 -0.022324 -0.000000 0.005319 0.999972 -0.005205 8.792700 0.022352 0.005085 0.999737 0.000000 0.000000 0.000000 0.000000 1.000000
0.999904 -0.006747 -0.012089 0.000000 0.006666 0.999955 -0.006714 8.792700 0.012133 0.006633 0.999904 0.000000 0.000000 0.000000 0.000000 1.000000
0.999973 -0.007136 -0.001890 -0.000000 0.007118 0.999935 -0.008919 8.792700 0.001953 0.008905 0.999958 0.000000 0.000000 0.000000 0.000000 1.000000
0.999938 -0.007477 0.008294 -0.000000 0.007570 0.999909 -0.011155 8.792700 -0.008210 0.011217 0.999903 -0.000000 0.000000 0.000000 0.000000 1.000000
0.999810 -0.007497 0.017986 0.000000 0.007745 0.999875 -0.013793 8.792700 -0.017881 0.013930 0.999743 0.000000 0.000000 0.000000 0.000000 1.000000
0.999593 -0.007436 0.027534 0.000000 0.007894 0.999832 -0.016547 8.792700 -0.027407 0.016757 0.999484 0.000000 0.000000 0.000000 0.000000 1.000000
0.999291 -0.007296 0.036925 -0.000000 0.008017 0.999779 -0.019419 8.792700 -0.036775 0.019701 0.999129 0.000000 0.000000 0.000000 0.000000 1.000000
0.998910 -0.007050 0.046145 -0.000000 0.008091 0.999716 -0.022413 8.792700 -0.045974 0.022762 0.998683 0.000000 0.000000 0.000000 0.000000 1.000000
0.998454 -0.006711 0.055182 0.000000 0.008130 0.999641 -0.025534 8.792700 -0.054991 0.025943 0.998150 0.000000 0.000000 0.000000 0.000000 1.000000
0.997943 -0.006162 0.063807 -0.000000 0.008023 0.999549 -0.028951 8.792700 -0.063600 0.029404 0.997542 0.000000 0.000000 0.000000 0.000000 1.000000
0.997372 -0.005496 0.072238 0.000000 0.007864 0.999439 -0.032545 8.792700 -0.072019 0.033028 0.996856 -0.000000 0.000000 0.000000 0.000000 1.000000</float_array>
        <technique_common>
          <accessor source="#mixamorig_Spine1-Matrix-animation-output-transform-array" count="71" stride="16">
            <param type="float4x4"/>
          </accessor>
        </technique_common>
      </source>
      <source id="mixamorig_Spine1-Interpolations">
        <Name_array id="mixamorig_Spine1-Interpolations-array" count="71">
 LINEAR LINEAR LINEAR LINEAR LINEAR LINEAR LINEAR LINEAR LINEAR LINEAR LINEAR
LINEAR LINEAR LINEAR LINEAR LINEAR LINEAR LINEAR LINEAR LINEAR LINEAR LINEAR LINEAR
LINEAR LINEAR LINEAR LINEAR LINEAR LINEAR LINEAR LINEAR LINEAR LINEAR LINEAR LINEAR
LINEAR LINEAR LINEAR LINEAR LINEAR LINEAR LINEAR LINEAR LINEAR LINEAR LINEAR LINEAR
LINEAR LINEAR LINEAR LINEAR LINEAR LINEAR LINEAR LINEAR LINEAR LINEAR LINEAR LINEAR
