<?xml version="1.0" encoding="utf-8"?>
<COLLADA xmlns="http://www.collada.org/2005/11/COLLADASchema" version="1.4.1">
  <asset>
    <contributor>
      <author>Mixamo</author>
      <authoring_tool>COLLADA Mixamo exporter</authoring_tool>
      <comments/>
    </contributor>
    <created>2026-04-28T14:40:29Z</created>
    <modified>2026-04-28T14:40:29Z</modified>
    <revision/>
    <title/>
    <unit meter="0.010000"/>
    <up_axis>Y_UP</up_axis>
  </asset>
  <library_animations>
    <animation id="mixamorig_Hips-anim" name="mixamorig_Hips">
      <source id="mixamorig_Hips-Matrix-animation-input">
        <float_array id="mixamorig_Hips-Matrix-animation-input-array" count="126">

0.000000 0.033333 0.066667 0.100000 0.133333 0.166667 0.200000 0.233333 0.266667 0.300000 0.333333 0.366667 0.400000 0.433333 0.466667 0.500000
0.533333 0.566667 0.600000 0.633333 0.666667 0.700000 0.733333 0.766667 0.800000 0.833333 0.866667 0.900000 0.933333 0.966667 1.000000 1.033333
1.066667 1.100000 1.133333 1.166667 1.200000 1.233333 1.266667 1.300000 1.333333 1.366667 1.400000 1.433333 1.466667 1.500000 1.533333 1.566667
1.600000 1.633333 1.666667 1.700000 1.733333 1.766667 1.800000 1.833333 1.866667 1.900000 1.933333 1.966667 2.000000 2.033333 2.066667 2.100000
2.133333 2.166667 2.200000 2.233333 2.266667 2.300000 2.333333 2.366667 2.400000 2.433333 2.466667 2.500000 2.533333 2.566667 2.600000 2.633333
2.666667 2.700000 2.733333 2.766667 2.800000 2.833333 2.866667 2.900000 2.933333 2.966667 3.000000 3.033333 3.066667 3.100000 3.133333 3.166667
3.200000 3.233333 3.266667 3.300000 3.333333 3.366667 3.400000 3.433333 3.466667 3.500000 3.533333 3.566667 3.600000 3.633333 3.666667 3.700000
3.733333 3.766667 3.800000 3.833333 3.866667 3.900000 3.933333 3.966667 4.000000 4.033333 4.066667 4.100000 4.133333 4.166667</float_array>
        <technique_common>
          <accessor source="#mixamorig_Hips-Matrix-animation-input-array" count="126">
            <param name="TIME" type="float"/>
          </accessor>
        </technique_common>
      </source>
      <source id="mixamorig_Hips-Matrix-animation-output-transform">
        <float_array id="mixamorig_Hips-Matrix-animation-output-transform-array" count="2016">

0.945863 -0.005992 -0.324512 0.508036 -0.059861 0.979457 -0.192564 91.716209 0.318999 0.201565 0.926073 -1.226146 0.000000 0.000000 0.000000 1.000000
0.950147 -0.004849 -0.311765 0.411677 -0.052667 0.983017 -0.175797 91.898598 0.307323 0.183453 0.933755 -0.630627 0.000000 0.000000 0.000000 1.000000
0.957926 -0.003361 -0.286995 0.308463 -0.040432 0.988380 -0.146528 92.133163 0.284153 0.151966 0.946659 0.273334 0.000000 0.000000 0.000000 1.000000
0.968676 -0.003030 -0.248309 0.209430 -0.023995 0.994104 -0.105739 92.371498 0.247165 0.108385 0.962893 1.479315 0.000000 0.000000 0.000000 1.000000
0.980210 -0.004980 -0.197900 0.120347 -0.006764 0.998257 -0.058625 92.574150 0.197847 0.058803 0.978468 2.922804 0.000000 0.000000 0.000000 1.000000
0.989848 -0.009498 -0.141813 0.048421 0.007967 0.999904 -0.011361 92.722473 0.141907 0.010116 0.989828 4.499132 0.000000 0.000000 0.000000 1.000000
0.996051 -0.016776 -0.087186 -0.005924 0.019342 0.999402 0.028674 92.772781 0.086652 -0.030248 0.995779 6.100235 0.000000 0.000000 0.000000 1.000000
0.998906 -0.026463 -0.038559 -0.093524 0.028663 0.997925 0.057661 92.660019 0.036953 -0.058704 0.997591 7.658400 0.000000 0.000000 0.000000 1.000000
0.999238 -0.038938 0.002823 -0.307848 0.038598 0.996192 0.078182 92.349213 -0.005856 -0.078013 0.996935 9.151729 0.000000 0.000000 0.000000 1.000000
0.997918 -0.053909 0.035413 -0.709707 0.050346 0.994225 0.094778 91.866310 -0.040317 -0.092797 0.994868 10.594966 0.000000 0.000000 0.000000 1.000000
0.996205 -0.067323 0.055167 -1.303123 0.060948 0.992055 0.110056 91.233551 -0.062138 -0.106276 0.992393 12.032428 0.000000 0.000000 0.000000 1.000000
0.995499 -0.074714 0.058314 -2.061662 0.067017 0.989977 0.124316 90.427887 -0.067017 -0.119849 0.990528 13.506240 0.000000 0.000000 0.000000 1.000000
0.995966 -0.077121 0.045864 -2.929303 0.070184 0.988040 0.137302 89.476738 -0.055904 -0.133529 0.989467 15.025668 0.000000 0.000000 0.000000 1.000000
0.996744 -0.077047 0.023766 -3.831700 0.072682 0.986185 0.148849 88.463951 -0.034906 -0.146637 0.988574 16.391144 0.000000 0.000000 0.000000 1.000000
0.997393 -0.072014 0.004595 -4.514945 0.070367 0.984746 0.159132 87.267296 -0.015984 -0.158393 0.987247 17.987492 0.000000 0.000000 0.000000 1.000000
0.997790 -0.066377 0.002911 -5.011025 0.064951 0.983699 0.167682 86.167252 -0.013994 -0.167123 0.985837 19.539286 0.000000 0.000000 0.000000 1.000000
0.997736 -0.062738 0.024213 -5.212938 0.057636 0.983273 0.172779 85.321625 -0.034647 -0.170992 0.984663 21.140451 0.000000 0.000000 0.000000 1.000000
0.996455 -0.063411 0.055280 -5.261364 0.052805 0.983015 0.175764 84.799614 -0.065486 -0.172222 0.982879 22.781897 0.000000 0.000000 0.000000 1.000000
0.994594 -0.067534 0.078880 -5.104842 0.052364 0.982157 0.180627 84.303291 -0.089671 -0.175520 0.980384 24.471880 0.000000 0.000000 0.000000 1.000000
0.993765 -0.071973 0.085157 -4.546563 0.055262 0.981283 0.184471 83.459061 -0.096840 -0.178615 0.979142 26.227188 0.000000 0.000000 0.000000 1.000000
0.994766 -0.071745 0.072761 -3.623246 0.057784 0.982237 0.178524 82.416687 -0.084277 -0.173385 0.981242 28.066866 0.000000 0.000000 0.000000 1.000000
0.996594 -0.067566 0.047274 -2.499585 0.059247 0.985433 0.159411 81.136963 -0.057356 -0.156067 0.986080 29.884447 0.000000 0.000000 0.000000 1.000000
0.997978 -0.061387 0.016488 -1.275878 0.058811 0.990177 0.126851 79.719528 -0.024113 -0.125624 0.991785 31.640413 0.000000 0.000000 0.000000 1.000000
0.998681 -0.049296 -0.014384 0.011925 0.050304 0.995432 0.081139 78.330536 0.010318 -0.081756 0.996599 33.420609 0.000000 0.000000 0.000000 1.000000
0.998054 -0.028781 -0.055319 1.080871 0.030374 0.999141 0.028179 77.408447 0.054461 -0.029804 0.998071 35.064896 0.000000 0.000000 0.000000 1.000000
0.992006 -0.008877 -0.125875 1.904037 0.005144 0.999538 -0.029954 77.230499 0.126082 0.029067 0.991594 36.314201 0.000000 0.000000 0.000000 1.000000
0.977677 -0.000172 -0.210115 2.455555 -0.022371 0.994230 -0.104909 78.129761 0.208921 0.107267 0.972032 37.249428 0.000000 0.000000 0.000000 1.000000
0.966103 0.008675 -0.258012 2.912980 -0.059513 0.980000 -0.189892 79.639198 0.251204 0.198810 0.947297 38.328564 0.000000 0.000000 0.000000 1.000000
0.967244 0.029000 -0.252186 3.248424 -0.093756 0.964022 -0.248740 81.228027 0.235899 0.264237 0.935163 39.806881 0.000000 0.000000 0.000000 1.000000
0.974133 0.046052 -0.221234 3.338693 -0.103512 0.961198 -0.255701 82.404526 0.200874 0.271987 0.941102 41.570488 0.000000 0.000000 0.000000 1.000000
0.980302 0.049981 -0.191077 3.363577 -0.094544 0.968158 -0.231802 83.325424 0.173407 0.245301 0.953812 43.237804 0.000000 0.000000 0.000000 1.000000
0.983778 0.049254 -0.172499 3.627652 -0.087784 0.970752 -0.223459 84.034348 0.156447 0.234976 0.959328 44.513168 0.000000 0.000000 0.000000 1.000000
0.982889 0.046062 -0.178347 4.151811 -0.090019 0.964848 -0.246911 84.606300 0.160704 0.258741 0.952485 45.336349 0.000000 0.000000 0.000000 1.000000
0.976343 0.031187 -0.213968 4.767716 -0.091869 0.955618 -0.279918 85.037361 0.195742 0.292953 0.935876 45.745022 0.000000 0.000000 0.000000 1.000000
0.965149 0.005383 -0.261647 5.277327 -0.087226 0.949237 -0.302225 85.375877 0.246739 0.314514 0.916625 45.806084 0.000000 0.000000 0.000000 1.000000
0.956449 -0.019758 -0.291232 5.477035 -0.075690 0.946796 -0.312808 85.585739 0.281917 0.321228 0.904066 45.689320 0.000000 0.000000 0.000000 1.000000
0.959085 -0.034300 -0.281033 5.315909 -0.057861 0.947936 -0.313160 85.585732 0.277143 0.316608 0.907167 45.602104 0.000000 0.000000 0.000000 1.000000
0.970558 -0.031837 -0.238756 5.058765 -0.043509 0.951748 -0.303780 85.417313 0.236907 0.305224 0.922341 45.614925 0.000000 0.000000 0.000000 1.000000
0.979328 -0.019293 -0.201354 4.988625 -0.041600 0.954951 -0.293832 85.158409 0.197952 0.296134 0.934409 45.519222 0.000000 0.000000 0.000000 1.000000
0.978581 -0.015697 -0.205261 5.175297 -0.045790 0.955512 -0.291375 84.953308 0.200703 0.294533 0.934328 45.206085 0.000000 0.000000 0.000000 1.000000
0.966611 -0.029482 -0.254545 5.410639 -0.047576 0.955439 -0.291329 84.954041 0.251791 0.293712 0.922136 44.864185 0.000000 0.000000 0.000000 1.000000
0.947873 -0.040689 -0.316040 5.451280 -0.054583 0.956421 -0.286843 85.225136 0.313939 0.289141 0.904345 44.751530 0.000000 0.000000 0.000000 1.000000
0.938031 -0.032947 -0.344982 5.270587 -0.070349 0.956641 -0.282646 85.504990 0.339336 0.289400 0.895041 44.895794 0.000000 0.000000 0.000000 1.000000
0.946837 -0.015692 -0.321331 5.047315 -0.077273 0.958477 -0.274500 85.517815 0.312296 0.284736 0.906309 45.170441 0.000000 0.000000 0.000000 1.000000
0.962476 -0.005554 -0.271311 4.830259 -0.064240 0.966709 -0.247682 85.406952 0.263654 0.255817 0.930078 45.506470 0.000000 0.000000 0.000000 1.000000
0.969455 -0.008010 -0.245140 4.490212 -0.045534 0.976214 -0.211973 85.553879 0.241007 0.216661 0.946031 45.978287 0.000000 0.000000 0.000000 1.000000
0.964496 -0.015588 -0.263636 4.025206 -0.036787 0.980595 -0.192562 86.169746 0.261522 0.195424 0.945207 46.632515 0.000000 0.000000 0.000000 1.000000
0.953114 -0.021377 -0.301856 3.573346 -0.039625 0.980097 -0.194525 86.981773 0.300006 0.197365 0.933297 47.303349 0.000000 0.000000 0.000000 1.000000
0.946605 -0.023387 -0.321547 3.199453 -0.045062 0.977977 -0.203791 87.507339 0.319232 0.207399 0.924704 47.800716 0.000000 0.000000 0.000000 1.000000
0.951633 -0.019001 -0.306647 2.793762 -0.047336 0.977101 -0.207445 87.570641 0.303567 0.211927 0.928942 48.152081 0.000000 0.000000 0.000000 1.000000
0.963167 -0.011660 -0.268652 2.067255 -0.045976 0.977209 -0.207243 87.249474 0.264946 0.211961 0.940679 48.551781 0.000000 0.000000 0.000000 1.000000
0.975732 -0.022822 -0.217775 0.693082 -0.023773 0.977633 -0.208969 85.963448 0.217674 0.209075 0.953365 49.052525 0.000000 0.000000 0.000000 1.000000
0.987887 -0.037565 -0.150561 -0.526032 0.007191 0.980296 -0.197402 84.327286 0.155010 0.193928 0.968692 49.794052 0.000000 0.000000 0.000000 1.000000
0.996647 -0.010689 -0.081117 -1.290938 -0.002428 0.987129 -0.159910 84.087593 0.081782 0.159571 0.983793 50.957191 0.000000 0.000000 0.000000 1.000000
0.998503 0.040388 -0.036883 -2.239597 -0.044765 0.990914 -0.126828 84.839447 0.031425 0.128289 0.991239 52.589035 0.000000 0.000000 0.000000 1.000000
0.998010 0.059642 -0.020448 -3.221169 -0.061847 0.989099 -0.133634 85.580971 0.012255 0.134633 0.990820 54.237034 0.000000 0.000000 0.000000 1.000000
0.998786 0.048054 -0.010864 -3.529683 -0.049189 0.985049 -0.165105 86.081184 0.002768 0.165439 0.986216 55.472965 0.000000 0.000000 0.000000 1.000000
0.999176 0.039321 -0.010070 -3.153055 -0.040520 0.980885 -0.190323 86.358002 0.002394 0.190574 0.981670 56.161133 0.000000 0.000000 0.000000 1.000000
0.998202 0.040642 -0.044050 -2.561747 -0.048779 0.977950 -0.203064 86.333565 0.034826 0.204848 0.978174 56.444378 0.000000 0.000000 0.000000 1.000000
0.992799 0.037210 -0.113865 -2.122475 -0.060806 0.975509 -0.211386 86.303040 0.103211 0.216788 0.970747 56.608772 0.000000 0.000000 0.000000 1.000000
0.983360 0.025556 -0.179864 -1.936379 -0.064959 0.974064 -0.216749 86.447868 0.169659 0.224826 0.959515 56.807301 0.000000 0.000000 0.000000 1.000000
0.979481 0.016637 -0.200850 -1.875026 -0.060780 0.974572 -0.215675 86.775192 0.192155 0.223457 0.955585 57.085354 0.000000 0.000000 0.000000 1.000000
0.984013 0.015207 -0.177444 -1.817475 -0.052899 0.976338 -0.209680 87.161774 0.170057 0.215715 0.961534 57.378353 0.000000 0.000000 0.000000 1.000000
0.989419 0.015150 -0.144290 -1.756160 -0.045137 0.977322 -0.206893 87.551140 0.137883 0.211216 0.967665 57.559677 0.000000 0.000000 0.000000 1.000000
0.991064 0.008596 -0.133107 -1.647982 -0.036980 0.976510 -0.212274 87.940018 0.128156 0.215299 0.968102 57.544243 0.000000 0.000000 0.000000 1.000000
0.988031 -0.005357 -0.154161 -1.435488 -0.029533 0.974339 -0.223141 88.264687 0.151400 0.225023 0.962519 57.370960 0.000000 0.000000 0.000000 1.000000
0.981038 -0.020082 -0.192774 -1.175494 -0.026369 0.971541 -0.235401 88.429138 0.192015 0.236020 0.952588 57.163841 0.000000 0.000000 0.000000 1.000000
0.975414 -0.030440 -0.218270 -0.945756 -0.025063 0.968667 -0.247094 88.436447 0.218953 0.246489 0.944088 57.026291 0.000000 0.000000 0.000000 1.000000
0.977163 -0.036474 -0.209338 -0.729360 -0.018948 0.966277 -0.256807 88.432556 0.211645 0.254908 0.943519 56.978363 0.000000 0.000000 0.000000 1.000000
0.984098 -0.039464 -0.173190 -0.483818 -0.007743 0.964550 -0.263785 88.534073 0.177460 0.260931 0.948906 56.960239 0.000000 0.000000 0.000000 1.000000
0.989900 -0.038835 -0.136346 -0.239816 0.000489 0.962680 -0.270640 88.716042 0.141768 0.267840 0.952976 56.890598 0.000000 0.000000 0.000000 1.000000
0.992525 -0.034438 -0.117085 -0.053044 0.000104 0.959601 -0.281364 88.906479 0.122044 0.279248 0.952431 56.733986 0.000000 0.000000 0.000000 1.000000
0.992942 -0.031579 -0.114323 0.116093 -0.003529 0.955611 -0.294609 89.066551 0.118552 0.292933 0.948755 56.526367 0.000000 0.000000 0.000000 1.000000
0.992225 -0.034436 -0.119601 0.400436 -0.003490 0.952884 -0.303313 89.210754 0.124411 0.301372 0.945355 56.342342 0.000000 0.000000 0.000000 1.000000
0.990961 -0.038854 -0.128397 0.886458 -0.001792 0.953216 -0.302284 89.390594 0.134135 0.299782 0.944531 56.212460 0.000000 0.000000 0.000000 1.000000
0.989430 -0.040292 -0.139304 1.525264 -0.002443 0.955856 -0.293826 89.658760 0.144993 0.291061 0.945654 56.086941 0.000000 0.000000 0.000000 1.000000
0.987400 -0.040973 -0.152848 2.223374 -0.004921 0.957480 -0.288458 90.011475 0.158168 0.285575 0.945214 55.849953 0.000000 0.000000 0.000000 1.000000
0.984248 -0.044370 -0.171133 2.929523 -0.008613 0.954809 -0.297094 90.377991 0.176582 0.293888 0.939387 55.358971 0.000000 0.000000 0.000000 1.000000
0.980573 -0.048836 -0.189977 3.608844 -0.014341 0.948071 -0.317735 90.697449 0.195629 0.314287 0.928953 54.505081 0.000000 0.000000 0.000000 1.000000
0.979241 -0.051140 -0.196143 4.212810 -0.019205 0.939890 -0.340938 90.891914 0.201789 0.337627 0.919396 53.275158 0.000000 0.000000 0.000000 1.000000
0.981874 -0.050014 -0.182817 4.648797 -0.019670 0.932459 -0.360739 90.811180 0.188512 0.357796 0.914574 51.814419 0.000000 0.000000 0.000000 1.000000
0.986063 -0.044733 -0.160246 4.799311 -0.018116 0.928580 -0.370690 90.453362 0.165383 0.368427 0.914828 50.363586 0.000000 0.000000 0.000000 1.000000
0.989228 -0.035812 -0.141932 4.579267 -0.018125 0.932182 -0.361536 89.913841 0.145253 0.360214 0.921492 49.026642 0.000000 0.000000 0.000000 1.000000
0.991210 -0.024195 -0.130065 3.979649 -0.019682 0.945226 -0.325824 89.260620 0.130824 0.325520 0.936441 47.043518 0.000000 0.000000 0.000000 1.000000
0.992879 -0.010627 -0.118651 3.089088 -0.021127 0.964517 -0.263175 88.481667 0.117238 0.263807 0.957424 44.143295 0.000000 0.000000 0.000000 1.000000
0.994739 -0.000090 -0.102442 2.016705 -0.018847 0.982769 -0.183873 87.722435 0.100693 0.184836 0.977597 41.054348 0.000000 0.000000 0.000000 1.000000
0.996695 0.000070 -0.081241 0.818437 -0.008855 0.994135 -0.107783 87.161133 0.080757 0.108146 0.990850 37.957169 0.000000 0.000000 0.000000 1.000000
0.998618 -0.008623 -0.051848 -0.440205 0.006021 0.998725 -0.050129 86.651794 0.052214 0.049748 0.997396 35.007961 0.000000 0.000000 0.000000 1.000000
0.999790 -0.020272 -0.003074 -1.615729 0.020257 0.999782 -0.005114 85.935829 0.003177 0.005051 0.999982 32.226933 0.000000 0.000000 0.000000 1.000000
0.997083 -0.035005 0.067823 -2.557264 0.032245 0.998624 0.041364 84.948883 -0.069178 -0.039057 0.996839 29.559801 0.000000 0.000000 0.000000 1.000000
0.988041 -0.054260 0.144331 -3.175776 0.041620 0.995144 0.089198 83.903770 -0.148470 -0.082124 0.985501 27.066662 0.000000 0.000000 0.000000 1.000000
0.976110 -0.076530 0.203353 -3.497492 0.051767 0.990878 0.124424 83.034279 -0.211020 -0.110925 0.971167 24.961044 0.000000 0.000000 0.000000 1.000000
0.967847 -0.101797 0.230023 -3.697003 0.071870 0.988243 0.134946 82.397911 -0.241055 -0.114076 0.963784 23.424160 0.000000 0.000000 0.000000 1.000000
0.966086 -0.124026 0.226486 -3.706643 0.099440 0.988147 0.116952 82.708382 -0.238307 -0.090464 0.966968 22.342253 0.000000 0.000000 0.000000 1.000000
0.968541 -0.131197 0.211459 -3.506557 0.117295 0.990104 0.077052 83.929710 -0.219475 -0.049825 0.974345 21.406090 0.000000 0.000000 0.000000 1.000000
0.973212 -0.118293 0.197142 -3.004636 0.113921 0.992928 0.033411 85.566193 -0.199700 -0.010057 0.979805 20.604425 0.000000 0.000000 0.000000 1.000000
0.979878 -0.094209 0.175963 -2.051225 0.095560 0.995423 0.000802 87.176743 -0.175233 0.016029 0.984396 19.917992 0.000000 0.000000 0.000000 1.000000
0.987381 -0.068218 0.142916 -0.828477 0.072263 0.997113 -0.023300 88.390144 -0.140914 0.033334 0.989460 19.262154 0.000000 0.000000 0.000000 1.000000
0.993447 -0.040510 0.106870 0.574071 0.045701 0.997869 -0.046581 89.164780 -0.104755 0.051160 0.993181 18.623772 0.000000 0.000000 0.000000 1.000000
0.996634 -0.014307 0.080716 2.090685 0.019767 0.997539 -0.067264 89.180557 -0.079556 0.068633 0.994465 17.983980 0.000000 0.000000 0.000000 1.000000
0.997384 0.007255 0.071925 3.529927 -0.001394 0.996696 -0.081206 88.625298 -0.072277 0.080894 0.994099 17.227028 0.000000 0.000000 0.000000 1.000000
0.996529 0.026615 0.078872 4.756318 -0.019202 0.995453 -0.093297 87.395073 -0.080997 0.091459 0.992509 16.363243 0.000000 0.000000 0.000000 1.000000
0.994241 0.045339 0.097106 5.548970 -0.034885 0.993672 -0.106769 85.659149 -0.101332 0.102767 0.989531 15.511823 0.000000 0.000000 0.000000 1.000000
0.989911 0.055539 0.130353 5.815055 -0.041710 0.993435 -0.106519 84.434929 -0.135413 0.100007 0.985729 14.640636 0.000000 0.000000 0.000000 1.000000
0.982221 0.050766 0.180732 6.047318 -0.034757 0.995275 -0.090667 84.138504 -0.184481 0.082774 0.979344 13.512456 0.000000 0.000000 0.000000 1.000000
0.973486 0.061204 0.220408 6.917295 -0.042028 0.994994 -0.090668 84.213448 -0.224854 0.079000 0.971185 12.277734 0.000000 0.000000 0.000000 1.000000
0.973174 0.094661 0.209695 7.737763 -0.073240 0.991484 -0.107678 84.352158 -0.218102 0.089431 0.971820 11.160411 0.000000 0.000000 0.000000 1.000000
0.982567 0.116537 0.144847 8.014959 -0.102060 0.989361 -0.103673 84.936279 -0.155388 0.087083 0.984008 10.007343 0.000000 0.000000 0.000000 1.000000
0.991306 0.117615 0.058976 8.087757 -0.112585 0.990220 -0.082390 85.928764 -0.068089 0.075034 0.994854 8.777140 0.000000 0.000000 0.000000 1.000000
0.992127 0.124839 -0.009962 8.303116 -0.125234 0.988522 -0.084504 86.890259 -0.000702 0.085086 0.996373 7.686878 0.000000 0.000000 0.000000 1.000000
0.988814 0.141800 -0.046248 8.502801 -0.146050 0.983435 -0.107357 87.686798 0.030258 0.112911 0.993144 6.723181 0.000000 0.000000 0.000000 1.000000
0.986922 0.149026 -0.061448 8.528618 -0.155433 0.980805 -0.117741 88.439568 0.042722 0.125752 0.991141 5.695246 0.000000 0.000000 0.000000 1.000000
0.987683 0.136747 -0.076046 8.412831 -0.144801 0.982980 -0.113064 89.137260 0.059291 0.122683 0.990673 4.614594 0.000000 0.000000 0.000000 1.000000
0.988631 0.111787 -0.100561 8.151793 -0.123112 0.985762 -0.114527 89.545540 0.086326 0.125605 0.988317 3.638349 0.000000 0.000000 0.000000 1.000000
0.987615 0.086710 -0.130761 7.688744 -0.103174 0.986791 -0.124896 89.508713 0.118204 0.136840 0.983515 2.790377 0.000000 0.000000 0.000000 1.000000
0.984895 0.070532 -0.158137 7.027392 -0.091388 0.987457 -0.128750 89.274513 0.147072 0.141257 0.978987 1.974227 0.000000 0.000000 0.000000 1.000000
0.982724 0.055851 -0.176450 6.181210 -0.078634 0.989050 -0.124885 89.151459 0.167543 0.136602 0.976355 1.251953 0.000000 0.000000 0.000000 1.000000
0.981809 0.030961 -0.187331 5.335267 -0.056032 0.989922 -0.130058 88.911209 0.181416 0.138189 0.973649 0.622053 0.000000 0.000000 0.000000 1.000000
0.978587 0.016806 -0.205145 4.682230 -0.047453 0.988234 -0.145404 88.747536 0.200288 0.152025 0.967870 0.117215 0.000000 0.000000 0.000000 1.000000
0.969613 0.031428 -0.242616 3.976648 -0.069580 0.986184 -0.150329 89.044991 0.234540 0.162642 0.958404 -0.366503 0.000000 0.000000 0.000000 1.000000
0.957039 0.041471 -0.286978 3.113632 -0.087045 0.985162 -0.147918 89.897156 0.276585 0.166544 0.946448 -0.848066 0.000000 0.000000 0.000000 1.000000
0.949133 0.022546 -0.314068 2.256950 -0.075401 0.984687 -0.157180 90.586586 0.305715 0.172865 0.936299 -1.271092 0.000000 0.000000 0.000000 1.000000
0.947757 0.000115 -0.318992 1.669048 -0.059500 0.982514 -0.176427 90.948471 0.313394 0.186190 0.931192 -1.255319 0.000000 0.000000 0.000000 1.000000
0.948381 -0.004495 -0.317103 1.283243 -0.058724 0.980119 -0.189521 91.247818 0.311650 0.198359 0.929262 -1.204614 0.000000 0.000000 0.000000 1.000000
0.947537 -0.002130 -0.319638 0.903332 -0.062695 0.979316 -0.192379 91.534691 0.313437 0.202326 0.927805 -1.155353 0.000000 0.000000 0.000000 1.000000
0.945863 -0.005992 -0.324512 0.508041 -0.059861 0.979457 -0.192564 91.716225 0.318999 0.201565 0.926073 -1.226141 0.000000 0.000000 0.000000 1.000000</float_array>
        <technique_common>
          <accessor source="#mixamorig_Hips-Matrix-animation-output-transform-array" count="126" stride="16">
            <param type="float4x4"/>
          </accessor>
        </technique_common>
      </source>
      <source id="mixamorig_Hips-Interpolations">
        <Name_array id="mixamorig_Hips-Interpolations-array" count="126">
 LINEAR LINEAR LINEAR LINEAR LINEAR LINEAR LINEAR LINEAR LINEAR LINEAR LINEAR
LINEAR LINEAR LINEAR LINEAR LINEAR LINEAR LINEAR LINEAR LINEAR LINEAR LINEAR LINEAR
LINEAR LINEAR LINEAR LINEAR LINEAR LINEAR LINEAR LINEAR LINEAR LINEAR LINEAR LINEAR
LINEAR LINEAR LINEAR LINEAR LINEAR LINEAR LINEAR LINEAR LINEAR LINEAR LINEAR LINEAR
LINEAR LINEAR LINEAR LINEAR LINEAR LINEAR LINEAR LINEAR LINEAR LINEAR LINEAR LINEAR
LINEAR LINEAR LINEAR LINEAR LINEAR LINEAR LINEAR LINEAR LINEAR LINEAR LINEAR LINEAR
LINEAR LINEAR LINEAR LINEAR LINEAR LINEAR LINEAR LINEAR LINEAR LINEAR LINEAR LINEAR
LINEAR LINEAR LINEAR LINEAR LINEAR LINEAR LINEAR LINEAR LINEAR LINEAR LINEAR LINEAR
LINEAR LINEAR LINEAR LINEAR LINEAR LINEAR LINEAR LINEAR LINEAR LINEAR LINEAR LINEAR
LINEAR LINEAR LINEAR LINEAR LINEAR LINEAR LINEAR LINEAR LINEAR LINEAR LINEAR LINEAR
LINEAR LINEAR LINEAR LINEAR LINEAR LINEAR LINEAR</Name_array>
        <technique_common>
          <accessor source="#mixamorig_Hips-Interpolations-array" count="126">
            <param type="name"/>
          </accessor>
        </technique_common>
      </source>
      <sampler id="mixamorig_Hips-Matrix-animation-transform">
        <input semantic="INPUT" source="#mixamorig_Hips-Matrix-animation-input"/>
        <input semantic="OUTPUT" source="#mixamorig_Hips-Matrix-animation-output-transform"/>
        <input semantic="INTERPOLATION" source="#mixamorig_Hips-Interpolations"/>
      </sampler>
      <channel source="#mixamorig_Hips-Matrix-animation-transform" target="mixamorig_Hips/matrix"/>
    </animation>
    <animation id="mixamorig_Spine-anim" name="mixamorig_Spine">
      <source id="mixamorig_Spine-Matrix-animation-input">
        <float_array id="mixamorig_Spine-Matrix-animation-input-array" count="126">

0.000000 0.033333 0.066667 0.100000 0.133333 0.166667 0.200000 0.233333 0.266667 0.300000 0.333333 0.366667 0.400000 0.433333 0.466667 0.500000
0.533333 0.566667 0.600000 0.633333 0.666667 0.700000 0.733333 0.766667 0.800000 0.833333 0.866667 0.900000 0.933333 0.966667 1.000000 1.033333
1.066667 1.100000 1.133333 1.166667 1.200000 1.233333 1.266667 1.300000 1.333333 1.366667 1.400000 1.433333 1.466667 1.500000 1.533333 1.566667
1.600000 1.633333 1.666667 1.700000 1.733333 1.766667 1.800000 1.833333 1.866667 1.900000 1.933333 1.966667 2.000000 2.033333 2.066667 2.100000
2.133333 2.166667 2.200000 2.233333 2.266667 2.300000 2.333333 2.366667 2.400000 2.433333 2.466667 2.500000 2.533333 2.566667 2.600000 2.633333
2.666667 2.700000 2.733333 2.766667 2.800000 2.833333 2.866667 2.900000 2.933333 2.966667 3.000000 3.033333 3.066667 3.100000 3.133333 3.166667
3.200000 3.233333 3.266667 3.300000 3.333333 3.366667 3.400000 3.433333 3.466667 3.500000 3.533333 3.566667 3.600000 3.633333 3.666667 3.700000
3.733333 3.766667 3.800000 3.833333 3.866667 3.900000 3.933333 3.966667 4.000000 4.033333 4.066667 4.100000 4.133333 4.166667</float_array>
        <technique_common>
          <accessor source="#mixamorig_Spine-Matrix-animation-input-array" count="126">
            <param name="TIME" type="float"/>
          </accessor>
        </technique_common>
      </source>
      <source id="mixamorig_Spine-Matrix-animation-output-transform">
        <float_array id="mixamorig_Spine-Matrix-animation-output-transform-array" count="2016">

0.999442 -0.031959 -0.009710 -0.002400 0.031427 0.998219 -0.050713 12.777500 0.011314 0.050379 0.998666 0.315300 0.000000 0.000000 0.000000 1.000000
0.999809 -0.018976 -0.004582 -0.002400 0.018806 0.999221 -0.034684 12.777500 0.005236 0.034591 0.999388 0.315300 0.000000 0.000000 0.000000 1.000000
0.999995 -0.002822 0.001609 -0.002400 0.002848 0.999859 -0.016552 12.777500 -0.001562 0.016556 0.999862 0.315300 0.000000 0.000000 0.000000 1.000000
0.999875 0.014136 0.007024 -0.002400 -0.014149 0.999898 0.001743 12.777500 -0.006999 -0.001842 0.999974 0.315300 0.000000 0.000000 0.000000 1.000000
0.999527 0.028394 0.011802 -0.002400 -0.028654 0.999336 0.022494 12.777500 -0.011156 -0.022821 0.999677 0.315300 0.000000 0.000000 0.000000 1.000000
0.999219 0.035959 0.016363 -0.002400 -0.036692 0.998224 0.046935 12.777500 -0.014646 -0.047499 0.998764 0.315300 0.000000 0.000000 0.000000 1.000000
0.999106 0.036150 0.021931 -0.002400 -0.037737 0.996327 0.076865 12.777500 -0.019072 -0.077624 0.996800 0.315300 0.000000 0.000000 0.000000 1.000000
0.998915 0.034629 0.031148 -0.002400 -0.037928 0.992934 0.112444 12.777500 -0.027034 -0.113503 0.993170 0.315300 0.000000 0.000000 0.000000 1.000000
0.998266 0.039109 0.043987 -0.002400 -0.045170 0.988175 0.146526 12.777500 -0.037737 -0.148259 0.988228 0.315300 0.000000 0.000000 0.000000 1.000000
0.997362 0.047179 0.055158 -0.002400 -0.055977 0.983722 0.170753 12.777500 -0.046204 -0.173390 0.983769 0.315300 0.000000 0.000000 0.000000 1.000000
0.997074 0.048367 0.059203 -0.002400 -0.058488 0.981308 0.183343 12.777500 -0.049229 -0.186269 0.981265 0.315300 0.000000 0.000000 0.000000 1.000000
0.997633 0.039917 0.055990 -0.002400 -0.049778 0.980991 0.187562 12.777500 -0.047439 -0.189905 0.980656 0.315300 0.000000 0.000000 0.000000 1.000000
0.998428 0.028274 0.048405 -0.002400 -0.036869 0.981651 0.187086 12.777500 -0.042228 -0.188577 0.981150 0.315300 0.000000 0.000000 0.000000 1.000000
0.999009 0.018080 0.040683 -0.002400 -0.025246 0.982752 0.183197 12.777500 -0.036669 -0.184043 0.982234 0.315300 0.000000 0.000000 0.000000 1.000000
0.999298 0.009077 0.036348 -0.002400 -0.015276 0.984609 0.174104 12.777500 -0.034208 -0.174537 0.984056 0.315300 0.000000 0.000000 0.000000 1.000000
0.999260 0.004028 0.038245 -0.002400 -0.010265 0.986354 0.164319 12.777500 -0.037061 -0.164590 0.985666 0.315300 0.000000 0.000000 0.000000 1.000000
0.999063 0.003545 0.043142 -0.002400 -0.010511 0.986679 0.162342 12.777500 -0.041991 -0.162643 0.985791 0.315300 0.000000 0.000000 0.000000 1.000000
0.998825 0.011396 0.047112 -0.002400 -0.018879 0.986678 0.161585 12.777500 -0.044643 -0.162285 0.985734 0.315300 0.000000 0.000000 0.000000 1.000000
0.998637 0.025567 0.045512 -0.002400 -0.032110 0.988252 0.149421 12.777500 -0.041157 -0.150679 0.987726 0.315300 0.000000 0.000000 0.000000 1.000000
0.998706 0.032786 0.038871 -0.002400 -0.037426 0.991406 0.125354 12.777500 -0.034427 -0.126647 0.991350 0.315300 0.000000 0.000000 0.000000 1.000000
0.999140 0.025657 0.032575 -0.002400 -0.028871 0.994326 0.102387 12.777500 -0.029764 -0.103239 0.994211 0.315300 0.000000 0.000000 0.000000 1.000000
0.999615 0.008325 0.026463 -0.002400 -0.010167 0.997477 0.070265 12.777500 -0.025811 -0.070507 0.997177 0.315300 0.000000 0.000000 0.000000 1.000000
0.999849 -0.006413 0.016167 -0.002400 0.006120 0.999817 0.018103 12.777500 -0.016280 -0.018002 0.999705 0.315300 0.000000 0.000000 0.000000 1.000000
0.999880 -0.015472 0.000697 -0.002400 0.015488 0.998917 -0.043883 12.777500 -0.000018 0.043889 0.999036 0.315300 0.000000 0.000000 0.000000 1.000000
0.999812 -0.012217 -0.015065 -0.002400 0.010467 0.993738 -0.111240 12.777500 0.016330 0.111062 0.993679 0.315300 0.000000 0.000000 0.000000 1.000000
0.999479 0.022142 -0.023499 -0.002400 -0.026366 0.979808 -0.198194 12.777500 0.018636 0.198710 0.979881 0.315300 0.000000 0.000000 0.000000 1.000000
0.996541 0.080126 -0.022042 -0.002400 -0.083102 0.961672 -0.261306 12.777500 0.000260 0.262234 0.965004 0.315300 0.000000 0.000000 0.000000 1.000000
0.993974 0.109028 -0.011320 -0.002400 -0.108146 0.958585 -0.263475 12.777500 -0.017875 0.263112 0.964600 0.315300 0.000000 0.000000 0.000000 1.000000
0.995289 0.096756 -0.006134 -0.002400 -0.095427 0.966508 -0.238234 12.777500 -0.017122 0.237697 0.971188 0.315300 0.000000 0.000000 0.000000 1.000000
0.995362 0.094859 -0.016009 -0.002400 -0.096009 0.969051 -0.227423 12.777500 -0.006060 0.227906 0.973664 0.315300 0.000000 0.000000 0.000000 1.000000
0.993060 0.114102 -0.028509 -0.002400 -0.117610 0.963882 -0.238953 12.777500 0.000215 0.240648 0.970612 0.315300 0.000000 0.000000 0.000000 1.000000
0.994477 0.100994 -0.028569 -0.002400 -0.104914 0.964329 -0.243030 12.777500 0.003005 0.244685 0.969598 0.315300 0.000000 0.000000 0.000000 1.000000
0.998410 0.054422 -0.014695 -0.002400 -0.056344 0.971548 -0.230044 12.777500 0.001758 0.230506 0.973069 0.315300 0.000000 0.000000 0.000000 1.000000
0.999752 0.019916 0.009970 -0.002400 -0.017295 0.976264 -0.215893 12.777500 -0.014033 0.215667 0.976366 0.315300 0.000000 0.000000 0.000000 1.000000
0.998994 0.019684 0.040292 -0.002400 -0.010487 0.976144 -0.216869 12.777500 -0.043600 0.216228 0.975369 0.315300 0.000000 0.000000 0.000000 1.000000
0.996981 0.048242 0.060846 -0.002400 -0.033495 0.974126 -0.223510 12.777500 -0.070054 0.220797 0.972801 0.315300 0.000000 0.000000 0.000000 1.000000
0.995379 0.079721 0.053537 -0.002400 -0.065920 0.972646 -0.222742 12.777500 -0.069830 0.218184 0.973406 0.315300 0.000000 0.000000 0.000000 1.000000
0.996856 0.076017 0.022330 -0.002400 -0.069466 0.974129 -0.215054 12.777500 -0.038100 0.212826 0.976347 0.315300 0.000000 0.000000 0.000000 1.000000
0.999282 0.037300 -0.006642 -0.002400 -0.037868 0.977784 -0.206165 12.777500 -0.001195 0.206269 0.978495 0.315300 0.000000 0.000000 0.000000 1.000000
0.999892 0.009809 -0.010932 -0.002400 -0.011832 0.978932 -0.203843 12.777500 0.008703 0.203950 0.978943 0.315300 0.000000 0.000000 0.000000 1.000000
0.999397 0.033186 0.010192 -0.002400 -0.030326 0.977441 -0.209020 12.777500 -0.016898 0.208585 0.977858 0.315300 0.000000 0.000000 0.000000 1.000000
0.995449 0.087666 0.037356 -0.002400 -0.078067 0.975037 -0.207867 12.777500 -0.054646 0.204005 0.977444 0.315300 0.000000 0.000000 0.000000 1.000000
0.991935 0.116992 0.048762 -0.002400 -0.106562 0.978075 -0.178923 12.777500 -0.068625 0.172284 0.982654 0.315300 0.000000 0.000000 0.000000 1.000000
0.994252 0.103023 0.029130 -0.002400 -0.097591 0.983993 -0.149112 12.777500 -0.044026 0.145412 0.988391 0.315300 0.000000 0.000000 0.000000 1.000000
0.995590 0.092018 -0.018280 -0.002400 -0.093750 0.983156 -0.156892 12.777500 0.003535 0.157914 0.987447 0.315300 0.000000 0.000000 0.000000 1.000000
0.993755 0.103622 -0.041401 -0.002400 -0.109339 0.978329 -0.175832 12.777500 0.022283 0.179261 0.983549 0.315300 0.000000 0.000000 0.000000 1.000000
0.991251 0.130915 -0.016824 -0.002400 -0.131818 0.975316 -0.177150 12.777500 -0.006783 0.177818 0.984040 0.315300 0.000000 0.000000 0.000000 1.000000
0.987294 0.155729 0.031611 -0.002400 -0.148928 0.976188 -0.157724 12.777500 -0.055420 0.151012 0.986977 0.315300 0.000000 0.000000 0.000000 1.000000
0.983904 0.167335 0.062711 -0.002400 -0.157803 0.978266 -0.134515 12.777500 -0.083857 0.122454 0.988925 0.315300 0.000000 0.000000 0.000000 1.000000
0.984600 0.164993 0.057798 -0.002400 -0.157178 0.980188 -0.120522 12.777500 -0.076538 0.109581 0.991027 0.315300 0.000000 0.000000 0.000000 1.000000
0.986761 0.159316 0.030358 -0.002400 -0.155288 0.982110 -0.106517 12.777500 -0.046784 0.100393 0.993847 0.315300 0.000000 0.000000 0.000000 1.000000
0.984191 0.176897 -0.008683 -0.002400 -0.177020 0.980950 -0.080004 12.777500 -0.005635 0.080276 0.996757 0.315300 0.000000 0.000000 0.000000 1.000000
0.978625 0.195335 -0.064325 -0.002400 -0.199457 0.977717 -0.065471 12.777500 0.050103 0.076902 0.995779 0.315300 0.000000 0.000000 0.000000 1.000000
0.978811 0.164282 -0.122233 -0.002400 -0.175884 0.980191 -0.091051 12.777500 0.104854 0.110620 0.988316 0.315300 0.000000 0.000000 0.000000 1.000000
0.982448 0.111287 -0.149706 -0.002400 -0.129495 0.984542 -0.117932 12.777500 0.134267 0.135248 0.981672 0.315300 0.000000 0.000000 0.000000 1.000000
0.983472 0.097968 -0.152269 -0.002400 -0.113086 0.989128 -0.094008 12.777500 0.141404 0.109673 0.983858 0.315300 0.000000 0.000000 0.000000 1.000000
0.982020 0.109240 -0.153958 -0.002400 -0.117203 0.992150 -0.043605 12.777500 0.147986 0.060865 0.987115 0.315300 0.000000 0.000000 0.000000 1.000000
0.983162 0.105137 -0.149459 -0.002400 -0.107933 0.994101 -0.010701 12.777500 0.147452 0.026653 0.988710 0.315300 0.000000 0.000000 0.000000 1.000000
0.989985 0.086760 -0.111366 -0.002400 -0.087064 0.996200 0.002132 12.777500 0.111128 0.007585 0.993777 0.315300 0.000000 0.000000 0.000000 1.000000
0.996283 0.078182 -0.036172 -0.002400 -0.077817 0.996903 0.011380 12.777500 0.036950 -0.008523 0.999281 0.315300 0.000000 0.000000 0.000000 1.000000
0.995771 0.084071 0.037053 -0.002400 -0.084743 0.996259 0.016949 12.777500 -0.035490 -0.020017 0.999170 0.315300 0.000000 0.000000 0.000000 1.000000
0.993851 0.089716 0.064890 -0.002400 -0.090491 0.995856 0.009112 12.777500 -0.063804 -0.014928 0.997851 0.315300 0.000000 0.000000 0.000000 1.000000
0.995203 0.085831 0.046951 -0.002400 -0.085396 0.996284 -0.011213 12.777500 -0.047739 0.007150 0.998834 0.315300 0.000000 0.000000 0.000000 1.000000
0.996844 0.077079 0.019016 -0.002400 -0.076425 0.996528 -0.033021 12.777500 -0.021495 0.031463 0.999274 0.315300 0.000000 0.000000 0.000000 1.000000
0.997182 0.073853 0.013194 -0.002400 -0.073113 0.996082 -0.049747 12.777500 -0.016816 0.048642 0.998675 0.315300 0.000000 0.000000 0.000000 1.000000
0.996039 0.079675 0.039484 -0.002400 -0.077097 0.995032 -0.062989 12.777500 -0.044307 0.059695 0.997233 0.315300 0.000000 0.000000 0.000000 1.000000
0.992597 0.088309 0.083378 -0.002400 -0.082090 0.993777 -0.075288 12.777500 -0.089508 0.067887 0.993670 0.315300 0.000000 0.000000 0.000000 1.000000
0.989226 0.091850 0.113994 -0.002400 -0.082150 0.992809 -0.087070 12.777500 -0.121172 0.076767 0.989659 0.315300 0.000000 0.000000 0.000000 1.000000
0.990192 0.086987 0.109326 -0.002400 -0.076074 0.992043 -0.100317 12.777500 -0.117182 0.091016 0.988931 0.315300 0.000000 0.000000 0.000000 1.000000
0.994245 0.074766 0.076731 -0.002400 -0.065515 0.991002 -0.116715 12.777500 -0.084767 0.111016 0.990197 0.315300 0.000000 0.000000 0.000000 1.000000
0.997351 0.058125 0.043730 -0.002400 -0.051848 0.989753 -0.133046 12.777500 -0.051015 0.130426 0.990145 0.315300 0.000000 0.000000 0.000000 1.000000
0.998732 0.041189 0.028953 -0.002400 -0.036598 0.988855 -0.144314 12.777500 -0.034575 0.143071 0.989108 0.315300 0.000000 0.000000 0.000000 1.000000
0.999093 0.030168 0.030049 -0.002400 -0.025293 0.988191 -0.151127 12.777500 -0.034253 0.150230 0.988058 0.315300 0.000000 0.000000 0.000000 1.000000
0.998939 0.027250 0.037113 -0.002400 -0.020947 0.986779 -0.160711 12.777500 -0.041002 0.159763 0.986304 0.315300 0.000000 0.000000 0.000000 1.000000
0.998756 0.027574 0.041536 -0.002400 -0.019970 0.984638 -0.173465 12.777500 -0.045681 0.172420 0.983964 0.315300 0.000000 0.000000 0.000000 1.000000
0.998760 0.015849 0.047200 -0.002400 -0.006614 0.981814 -0.189731 12.777500 -0.049348 0.189183 0.980701 0.315300 0.000000 0.000000 0.000000 1.000000
0.998537 0.002497 0.054011 -0.002400 0.009036 0.977177 -0.212234 12.777500 -0.053308 0.212411 0.975725 0.315300 0.000000 0.000000 0.000000 1.000000
0.998007 -0.001278 0.063086 -0.002400 0.016248 0.971288 -0.237353 12.777500 -0.060972 0.237905 0.969373 0.315300 0.000000 0.000000 0.000000 1.000000
0.997311 0.003437 0.073206 -0.002400 0.016242 0.963696 -0.266507 12.777500 -0.071464 0.266979 0.961049 0.315300 0.000000 0.000000 0.000000 1.000000
0.996818 0.009719 0.079122 -0.002400 0.014497 0.953888 -0.299813 12.777500 -0.078387 0.300006 0.950711 0.315300 0.000000 0.000000 0.000000 1.000000
0.996939 0.014799 0.076772 -0.002400 0.010910 0.945984 -0.324029 12.777500 -0.077420 0.323874 0.942927 0.315300 0.000000 0.000000 0.000000 1.000000
0.997522 0.018512 0.067875 -0.002400 0.005097 0.943208 -0.332164 12.777500 -0.070169 0.331687 0.940776 0.315300 0.000000 0.000000 0.000000 1.000000
0.998122 0.024492 0.056154 -0.002400 -0.004503 0.943455 -0.331469 12.777500 -0.061097 0.330593 0.941794 0.315300 0.000000 0.000000 0.000000 1.000000
0.998375 0.035314 0.044731 -0.002400 -0.018468 0.942999 -0.332282 12.777500 -0.053915 0.330916 0.942119 0.315300 0.000000 0.000000 0.000000 1.000000
0.998532 0.041636 0.034640 -0.002400 -0.027387 0.939917 -0.340303 12.777500 -0.046727 0.338854 0.939678 0.315300 0.000000 0.000000 0.000000 1.000000
0.999163 0.032483 0.024857 -0.002400 -0.021533 0.934412 -0.355543 12.777500 -0.034775 0.354710 0.934329 0.315300 0.000000 0.000000 0.000000 1.000000
0.999581 0.020463 0.020466 -0.002400 -0.011624 0.931475 -0.363621 12.777500 -0.026504 0.363230 0.931322 0.315300 0.000000 0.000000 0.000000 1.000000
0.999414 0.021405 0.026699 -0.002400 -0.010749 0.937090 -0.348922 12.777500 -0.032488 0.348431 0.936771 0.315300 0.000000 0.000000 0.000000 1.000000
0.998785 0.030448 0.038740 -0.002400 -0.016348 0.946462 -0.322402 12.777500 -0.046482 0.321377 0.945810 0.315300 0.000000 0.000000 0.000000 1.000000
0.998303 0.031714 0.048832 -0.002400 -0.015188 0.951453 -0.307418 12.777500 -0.056211 0.306155 0.950321 0.315300 0.000000 0.000000 0.000000 1.000000
0.998256 0.008387 0.058434 -0.002400 0.010299 0.949934 -0.312280 12.777500 -0.058128 0.312337 0.948191 0.315300 0.000000 0.000000 0.000000 1.000000
0.996740 -0.038622 0.070837 -0.002400 0.060028 0.941631 -0.331252 12.777500 -0.053909 0.334424 0.940880 0.315300 0.000000 0.000000 0.000000 1.000000
0.993746 -0.076694 0.081160 -0.002400 0.100842 0.928526 -0.357311 12.777500 -0.047955 0.363260 0.930453 0.315300 0.000000 0.000000 0.000000 1.000000
0.993004 -0.083176 0.083813 -0.002400 0.108630 0.921728 -0.372313 12.777500 -0.046286 0.378813 0.924315 0.315300 0.000000 0.000000 0.000000 1.000000
0.994369 -0.069576 0.079929 -0.002400 0.094414 0.924185 -0.370093 12.777500 -0.048120 0.375555 0.925550 0.315300 0.000000 0.000000 0.000000 1.000000
0.994902 -0.068017 0.074453 -0.002400 0.090701 0.926241 -0.365857 12.777500 -0.044077 0.370745 0.927688 0.315300 0.000000 0.000000 0.000000 1.000000
0.994323 -0.079140 0.071120 -0.002400 0.099794 0.925515 -0.365327 12.777500 -0.036910 0.370351 0.928158 0.315300 0.000000 0.000000 0.000000 1.000000
0.994003 -0.084363 0.069571 -0.002400 0.103736 0.928727 -0.355956 12.777500 -0.034583 0.361038 0.931910 0.315300 0.000000 0.000000 0.000000 1.000000
0.993345 -0.092102 0.069165 -0.002400 0.109925 0.937386 -0.330490 12.777500 -0.034396 0.335893 0.941272 0.315300 0.000000 0.000000 0.000000 1.000000
0.991798 -0.109587 0.065781 -0.002400 0.124173 0.948109 -0.292694 12.777500 -0.030292 0.298461 0.953941 0.315300 0.000000 0.000000 0.000000 1.000000
0.989658 -0.131267 0.057841 -0.002400 0.141905 0.954836 -0.261058 12.777500 -0.020960 0.266566 0.963589 0.315300 0.000000 0.000000 0.000000 1.000000
0.987777 -0.149188 0.045164 -0.002400 0.155690 0.958385 -0.239289 12.777500 -0.007585 0.243395 0.969897 0.315300 0.000000 0.000000 0.000000 1.000000
