<?xml version="1.0" encoding="utf-8"?>
<COLLADA xmlns="http://www.collada.org/2005/11/COLLADASchema" version="1.4.1">
  <asset>
    <contributor>
      <author>Mixamo</author>
      <authoring_tool>COLLADA Mixamo exporter</authoring_tool>
      <comments/>
    </contributor>
    <created>2026-04-28T14:40:49Z</created>
    <modified>2026-04-28T14:40:49Z</modified>
    <revision/>
    <title/>
    <unit meter="0.010000"/>
    <up_axis>Y_UP</up_axis>
  </asset>
  <library_animations>
    <animation id="mixamorig_Hips-anim" name="mixamorig_Hips">
      <source id="mixamorig_Hips-Matrix-animation-input">
        <float_array id="mixamorig_Hips-Matrix-animation-input-array" count="140">

0.000000 0.033333 0.066667 0.100000 0.133333 0.166667 0.200000 0.233333 0.266667 0.300000 0.333333 0.366667 0.400000 0.433333 0.466667 0.500000
0.533333 0.566667 0.600000 0.633333 0.666667 0.700000 0.733333 0.766667 0.800000 0.833333 0.866667 0.900000 0.933333 0.966667 1.000000 1.033333
1.066667 1.100000 1.133333 1.166667 1.200000 1.233333 1.266667 1.300000 1.333333 1.366667 1.400000 1.433333 1.466667 1.500000 1.533333 1.566667
1.600000 1.633333 1.666667 1.700000 1.733333 1.766667 1.800000 1.833333 1.866667 1.900000 1.933333 1.966667 2.000000 2.033333 2.066667 2.100000
2.133333 2.166667 2.200000 2.233333 2.266667 2.300000 2.333333 2.366667 2.400000 2.433333 2.466667 2.500000 2.533333 2.566667 2.600000 2.633333
2.666667 2.700000 2.733333 2.766667 2.800000 2.833333 2.866667 2.900000 2.933333 2.966667 3.000000 3.033333 3.066667 3.100000 3.133333 3.166667
3.200000 3.233333 3.266667 3.300000 3.333333 3.366667 3.400000 3.433333 3.466667 3.500000 3.533333 3.566667 3.600000 3.633333 3.666667 3.700000
3.733333 3.766667 3.800000 3.833333 3.866667 3.900000 3.933333 3.966667 4.000000 4.033333 4.066667 4.100000 4.133333 4.166667 4.200000 4.233333
4.266667 4.300000 4.333333 4.366667 4.400000 4.433333 4.466667 4.500000 4.533333 4.566667 4.600000 4.633333</float_array>
        <technique_common>
          <accessor source="#mixamorig_Hips-Matrix-animation-input-array" count="140">
            <param name="TIME" type="float"/>
          </accessor>
        </technique_common>
      </source>
      <source id="mixamorig_Hips-Matrix-animation-output-transform">
        <float_array id="mixamorig_Hips-Matrix-animation-output-transform-array" count="2240">

0.952462 -0.037588 -0.302330 0.008520 -0.019795 0.982627 -0.184532 91.561821 0.304014 0.181745 0.935171 0.266983 0.000000 0.000000 0.000000 1.000000
0.953360 -0.038147 -0.299415 -0.053855 -0.019437 0.982164 -0.187022 91.631584 0.301208 0.184119 0.935614 0.208040 0.000000 0.000000 0.000000 1.000000
0.953795 -0.044268 -0.297181 -0.193117 -0.016022 0.980186 -0.197432 91.699440 0.300032 0.193072 0.934186 -0.051651 0.000000 0.000000 0.000000 1.000000
0.954120 -0.055740 -0.294189 -0.408196 -0.011119 0.975247 -0.220840 91.669205 0.299217 0.213979 0.929883 -0.603069 0.000000 0.000000 0.000000 1.000000
0.954969 -0.069752 -0.288391 -0.686599 -0.007058 0.966359 -0.257102 91.478027 0.296623 0.247559 0.922350 -1.421761 0.000000 0.000000 0.000000 1.000000
0.957656 -0.081794 -0.276052 -1.029002 -0.006469 0.952442 -0.304651 91.030556 0.287842 0.293537 0.911583 -2.477675 0.000000 0.000000 0.000000 1.000000
0.962081 -0.088692 -0.257941 -1.403844 -0.009009 0.934811 -0.355031 90.288582 0.272614 0.343892 0.898565 -3.684697 0.000000 0.000000 0.000000 1.000000
0.966881 -0.092425 -0.237905 -1.785510 -0.012508 0.913849 -0.405862 89.215759 0.254921 0.395396 0.882427 -5.008652 0.000000 0.000000 0.000000 1.000000
0.971251 -0.094625 -0.218443 -2.178549 -0.015947 0.889685 -0.456296 87.827827 0.237523 0.446661 0.862599 -6.396790 0.000000 0.000000 0.000000 1.000000
0.974768 -0.095889 -0.201575 -2.591145 -0.018258 0.865757 -0.500132 86.252785 0.222472 0.491193 0.842161 -7.775567 0.000000 0.000000 0.000000 1.000000
0.977159 -0.097417 -0.188867 -3.054954 -0.018251 0.846988 -0.531298 84.656342 0.211726 0.522609 0.825864 -9.054784 0.000000 0.000000 0.000000 1.000000
0.978639 -0.100228 -0.179502 -3.612182 -0.015222 0.835391 -0.549446 83.182915 0.205024 0.540441 0.816020 -10.160346 0.000000 0.000000 0.000000 1.000000
0.979827 -0.103039 -0.171235 -4.258527 -0.009796 0.831040 -0.556126 81.997490 0.199606 0.546585 0.813266 -11.086229 0.000000 0.000000 0.000000 1.000000
0.981102 -0.102877 -0.163878 -4.973804 -0.004932 0.833372 -0.552691 81.301109 0.193430 0.543054 0.817115 -11.878647 0.000000 0.000000 0.000000 1.000000
0.982388 -0.097920 -0.159143 -5.766081 -0.003773 0.841123 -0.540830 81.256844 0.186817 0.531905 0.825940 -12.576541 0.000000 0.000000 0.000000 1.000000
0.983350 -0.088646 -0.158636 -6.647978 -0.006860 0.854220 -0.519866 81.870247 0.181594 0.512298 0.839389 -13.160255 0.000000 0.000000 0.000000 1.000000
0.983647 -0.076123 -0.163230 -7.598930 -0.012745 0.874601 -0.484676 82.972702 0.179656 0.478831 0.859328 -13.521883 0.000000 0.000000 0.000000 1.000000
0.983147 -0.061026 -0.172329 -8.545672 -0.019367 0.902567 -0.430113 84.355812 0.181786 0.426202 0.886174 -13.483865 0.000000 0.000000 0.000000 1.000000
0.981990 -0.045695 -0.183325 -9.388943 -0.023318 0.933581 -0.357607 85.895012 0.187490 0.355441 0.915702 -12.877673 0.000000 0.000000 0.000000 1.000000
0.980588 -0.033740 -0.193152 -10.069970 -0.021048 0.961278 -0.274774 87.517769 0.194944 0.273506 0.941908 -11.621271 0.000000 0.000000 0.000000 1.000000
0.979644 -0.024524 -0.199241 -10.619441 -0.013795 0.981939 -0.188692 89.187988 0.200270 0.187600 0.961612 -9.743730 0.000000 0.000000 0.000000 1.000000
0.979856 -0.014045 -0.199211 -11.136014 -0.007010 0.994490 -0.104593 90.843925 0.199583 0.103882 0.974359 -7.320827 0.000000 0.000000 0.000000 1.000000
0.980858 -0.002229 -0.194713 -11.715801 -0.004105 0.999476 -0.032120 92.364998 0.194683 0.032305 0.980334 -4.476446 0.000000 0.000000 0.000000 1.000000
0.981063 0.007615 -0.193539 -12.343575 -0.004712 0.999869 0.015454 93.606117 0.193632 -0.014249 0.980971 -1.421596 0.000000 0.000000 0.000000 1.000000
0.979414 0.014342 -0.201352 -12.830476 -0.007956 0.999440 0.032491 94.314919 0.201706 -0.030220 0.978980 1.653773 0.000000 0.000000 0.000000 1.000000
0.976234 0.016795 -0.216068 -13.163040 -0.011096 0.999559 0.027559 94.744629 0.216435 -0.024507 0.975989 4.565165 0.000000 0.000000 0.000000 1.000000
0.972156 0.013350 -0.233956 -13.304566 -0.009952 0.999827 0.015697 94.986412 0.234125 -0.012931 0.972121 7.253127 0.000000 0.000000 0.000000 1.000000
0.967393 0.004958 -0.253233 -13.209789 -0.003533 0.999975 0.006084 95.064606 0.253257 -0.004991 0.967386 9.664702 0.000000 0.000000 0.000000 1.000000
0.962355 -0.005345 -0.271744 -12.904180 0.004974 0.999986 -0.002053 95.050705 0.271751 0.000624 0.962367 11.766205 0.000000 0.000000 0.000000 1.000000
0.958262 -0.014573 -0.285521 -12.419287 0.011511 0.999857 -0.012400 95.001328 0.285661 0.008596 0.958292 13.640551 0.000000 0.000000 0.000000 1.000000
0.956697 -0.020079 -0.290392 -11.896484 0.013787 0.999624 -0.023697 94.767334 0.290759 0.018667 0.956614 15.291014 0.000000 0.000000 0.000000 1.000000
0.958773 -0.020227 -0.283452 -11.399811 0.011466 0.999405 -0.032536 94.503639 0.283941 0.027944 0.958434 16.683905 0.000000 0.000000 0.000000 1.000000
0.964802 -0.015235 -0.262537 -10.950869 0.005159 0.999225 -0.039027 94.366714 0.262928 0.036299 0.964132 17.664484 0.000000 0.000000 0.000000 1.000000
0.973491 -0.007615 -0.228598 -10.535194 -0.003194 0.998896 -0.046877 94.312584 0.228703 0.046365 0.972392 18.047825 0.000000 0.000000 0.000000 1.000000
0.981866 -0.000648 -0.189576 -10.080446 -0.011189 0.998053 -0.061365 94.354843 0.189246 0.062374 0.979947 17.755613 0.000000 0.000000 0.000000 1.000000
0.987537 0.003339 -0.157353 -9.458972 -0.017252 0.996047 -0.087136 94.604401 0.156440 0.088765 0.983691 16.758854 0.000000 0.000000 0.000000 1.000000
0.990246 0.003817 -0.139279 -8.412163 -0.021403 0.991927 -0.124987 95.025330 0.137678 0.126749 0.982334 15.069292 0.000000 0.000000 0.000000 1.000000
0.990576 -0.000050 -0.136968 -7.296558 -0.023587 0.984999 -0.170942 94.546104 0.134922 0.172561 0.975715 12.285490 0.000000 0.000000 0.000000 1.000000
0.988615 -0.008363 -0.150237 -6.029305 -0.024945 0.975529 -0.218451 93.512253 0.148387 0.219711 0.964214 8.757071 0.000000 0.000000 0.000000 1.000000
0.984189 -0.020298 -0.175957 -4.637483 -0.026494 0.965366 -0.259553 92.192360 0.175131 0.260110 0.949564 4.897993 0.000000 0.000000 0.000000 1.000000
0.978068 -0.031063 -0.205956 -3.249952 -0.030051 0.957426 -0.287109 90.752228 0.206106 0.287001 0.935495 1.124420 0.000000 0.000000 0.000000 1.000000
0.971566 -0.036389 -0.233956 -2.032572 -0.037071 0.952554 -0.302104 89.357300 0.233849 0.302187 0.924120 -2.127711 0.000000 0.000000 0.000000 1.000000
0.965135 -0.041227 -0.258487 -1.256206 -0.045250 0.946373 -0.319891 88.186066 0.257814 0.320435 0.911512 -4.546169 0.000000 0.000000 0.000000 1.000000
0.958743 -0.045905 -0.280542 -0.809615 -0.061659 0.929802 -0.362860 87.261200 0.277506 0.365187 0.888611 -5.925048 0.000000 0.000000 0.000000 1.000000
0.954203 -0.050411 -0.294881 -0.555553 -0.089117 0.893050 -0.441044 86.380043 0.285577 0.447124 0.847659 -6.425385 0.000000 0.000000 0.000000 1.000000
0.952376 -0.059851 -0.298996 -0.444288 -0.117890 0.832029 -0.542061 85.442574 0.281216 0.551494 0.785348 -6.493279 0.000000 0.000000 0.000000 1.000000
0.951291 -0.081805 -0.297243 -0.521840 -0.135008 0.756245 -0.640208 84.325851 0.277161 0.649154 0.708365 -6.625851 0.000000 0.000000 0.000000 1.000000
0.950078 -0.115413 -0.289882 -0.730655 -0.134078 0.687900 -0.713314 83.014420 0.281735 0.716570 0.638085 -7.102398 0.000000 0.000000 0.000000 1.000000
0.949732 -0.146665 -0.276585 -0.929860 -0.119286 0.647300 -0.752844 81.615662 0.289449 0.747992 0.597266 -7.841686 0.000000 0.000000 0.000000 1.000000
0.950951 -0.162506 -0.263217 -1.062696 -0.102391 0.637581 -0.763549 80.375900 0.291903 0.753049 0.589669 -8.546572 0.000000 0.000000 0.000000 1.000000
0.952732 -0.164536 -0.255402 -1.208063 -0.092639 0.643292 -0.759996 79.545700 0.289345 0.747732 0.597642 -9.001491 0.000000 0.000000 0.000000 1.000000
0.953199 -0.166576 -0.252318 -1.461004 -0.088690 0.643774 -0.760059 79.190399 0.289043 0.746865 0.598871 -9.219875 0.000000 0.000000 0.000000 1.000000
0.951447 -0.178624 -0.250682 -1.825632 -0.083488 0.634118 -0.768716 79.157356 0.296273 0.752321 0.588417 -9.354538 0.000000 0.000000 0.000000 1.000000
0.947569 -0.195912 -0.252452 -2.241407 -0.075851 0.629542 -0.773255 79.240646 0.310419 0.751861 0.581674 -9.523773 0.000000 0.000000 0.000000 1.000000
0.942343 -0.206904 -0.263023 -2.686074 -0.070350 0.645923 -0.760154 79.326508 0.327171 0.734829 0.594125 -9.741960 0.000000 0.000000 0.000000 1.000000
0.937339 -0.206399 -0.280705 -3.198302 -0.068202 0.681376 -0.728749 79.407860 0.341678 0.702230 0.624603 -9.972631 0.000000 0.000000 0.000000 1.000000
0.933918 -0.198294 -0.297449 -3.815233 -0.066474 0.721219 -0.689510 79.533401 0.351252 0.663719 0.660378 -10.192598 0.000000 0.000000 0.000000 1.000000
0.932332 -0.188458 -0.308610 -4.536573 -0.063255 0.755291 -0.652330 79.745132 0.356028 0.627709 0.692261 -10.387391 0.000000 0.000000 0.000000 1.000000
0.931943 -0.178786 -0.315463 -5.326026 -0.059088 0.783487 -0.618592 80.055199 0.357757 0.595133 0.719602 -10.538440 0.000000 0.000000 0.000000 1.000000
0.931943 -0.168633 -0.321007 -6.145802 -0.054977 0.809334 -0.584770 80.443306 0.358413 0.562620 0.744982 -10.644577 0.000000 0.000000 0.000000 1.000000
0.931890 -0.157997 -0.326524 -6.981929 -0.051112 0.833984 -0.549416 80.892258 0.359122 0.528684 0.769106 -10.729952 0.000000 0.000000 0.000000 1.000000
0.931947 -0.147535 -0.331222 -7.813688 -0.047050 0.856550 -0.513914 81.372498 0.359528 0.494525 0.791318 -10.797946 0.000000 0.000000 0.000000 1.000000
0.932379 -0.137160 -0.334450 -8.620116 -0.042791 0.876833 -0.478887 81.855896 0.358941 0.460816 0.811671 -10.850501 0.000000 0.000000 0.000000 1.000000
0.933008 -0.127530 -0.336501 -9.367567 -0.037763 0.895236 -0.443989 82.369064 0.357869 0.426953 0.830446 -10.908422 0.000000 0.000000 0.000000 1.000000
0.932986 -0.120174 -0.339257 -10.036429 -0.031661 0.911551 -0.409967 82.905205 0.358517 0.393235 0.846659 -10.989614 0.000000 0.000000 0.000000 1.000000
0.931629 -0.115423 -0.344595 -10.613883 -0.025495 0.925127 -0.378801 83.402359 0.362516 0.361687 0.858932 -11.083057 0.000000 0.000000 0.000000 1.000000
0.929315 -0.111551 -0.352037 -11.081489 -0.021024 0.935758 -0.352015 83.811302 0.368689 0.334534 0.867269 -11.156327 0.000000 0.000000 0.000000 1.000000
0.926704 -0.106664 -0.360337 -11.418610 -0.019356 0.944052 -0.329229 84.141304 0.375294 0.312072 0.872792 -11.182393 0.000000 0.000000 0.000000 1.000000
0.923519 -0.100577 -0.370130 -11.615219 -0.020245 0.950879 -0.308900 84.428200 0.383017 0.292769 0.876119 -11.163364 0.000000 0.000000 0.000000 1.000000
0.919141 -0.094055 -0.382537 -11.675251 -0.022608 0.956883 -0.289594 84.695778 0.393280 0.274826 0.877383 -11.117313 0.000000 0.000000 0.000000 1.000000
0.913967 -0.087204 -0.396308 -11.604600 -0.025396 0.962429 -0.270343 84.951752 0.404994 0.257149 0.877414 -11.044666 0.000000 0.000000 0.000000 1.000000
0.909037 -0.079976 -0.408970 -11.412129 -0.028309 0.967292 -0.252082 85.201950 0.415754 0.240730 0.877039 -10.926957 0.000000 0.000000 0.000000 1.000000
0.904596 -0.073248 -0.419931 -11.120375 -0.031596 0.970894 -0.237415 85.459496 0.425098 0.228033 0.875952 -10.764146 0.000000 0.000000 0.000000 1.000000
0.900201 -0.067803 -0.430164 -10.754613 -0.035178 0.973254 -0.227022 85.737320 0.434052 0.219497 0.873739 -10.585386 0.000000 0.000000 0.000000 1.000000
0.895862 -0.063273 -0.439805 -10.321991 -0.038683 0.974945 -0.219058 86.036392 0.442646 0.213258 0.870968 -10.409979 0.000000 0.000000 0.000000 1.000000
0.891969 -0.058997 -0.448230 -9.808785 -0.042168 0.976270 -0.212413 86.345581 0.450125 0.208366 0.868315 -10.220097 0.000000 0.000000 0.000000 1.000000
0.888302 -0.055000 -0.455955 -9.200770 -0.046061 0.977128 -0.207605 86.653175 0.456944 0.205418 0.865451 -9.985786 0.000000 0.000000 0.000000 1.000000
0.884262 -0.051727 -0.464118 -8.499018 -0.050201 0.977558 -0.204596 86.960304 0.464285 0.204216 0.861821 -9.694929 0.000000 0.000000 0.000000 1.000000
0.880124 -0.049179 -0.472189 -7.713868 -0.053525 0.977999 -0.201625 87.278297 0.471716 0.202729 0.858129 -9.353500 0.000000 0.000000 0.000000 1.000000
0.876902 -0.046822 -0.478383 -6.858032 -0.055261 0.978825 -0.197100 87.606827 0.477482 0.199274 0.855746 -8.968756 0.000000 0.000000 0.000000 1.000000
0.875192 -0.044617 -0.481715 -5.943123 -0.055772 0.979794 -0.192077 87.920990 0.480551 0.194970 0.855019 -8.531799 0.000000 0.000000 0.000000 1.000000
0.874833 -0.043267 -0.482489 -4.977324 -0.055997 0.980294 -0.189441 88.185898 0.481178 0.192747 0.855170 -8.026865 0.000000 0.000000 0.000000 1.000000
0.875060 -0.043151 -0.482086 -3.976274 -0.056687 0.980026 -0.190618 88.377701 0.480683 0.194130 0.855136 -7.467182 0.000000 0.000000 0.000000 1.000000
0.875224 -0.043931 -0.481719 -2.968558 -0.057768 0.979247 -0.194261 88.492012 0.480256 0.197850 0.854523 -6.895843 0.000000 0.000000 0.000000 1.000000
0.875613 -0.044832 -0.480928 -1.980969 -0.058588 0.978473 -0.197882 88.537758 0.479447 0.201445 0.854137 -6.349497 0.000000 0.000000 0.000000 1.000000
0.877508 -0.044664 -0.477477 -1.032436 -0.058930 0.978065 -0.199792 88.527283 0.475927 0.203457 0.855628 -5.841845 0.000000 0.000000 0.000000 1.000000
0.882735 -0.042799 -0.467918 -0.136240 -0.058641 0.978022 -0.200083 88.479500 0.466198 0.204060 0.860825 -5.369573 0.000000 0.000000 0.000000 1.000000
0.892258 -0.040670 -0.449691 0.690164 -0.056824 0.977903 -0.201190 88.404907 0.447937 0.205067 0.870230 -4.923331 0.000000 0.000000 0.000000 1.000000
0.904384 -0.040375 -0.424805 1.405623 -0.053096 0.977129 -0.205910 88.305069 0.423403 0.208777 0.881557 -4.510529 0.000000 0.000000 0.000000 1.000000
0.915590 -0.041059 -0.400011 1.953479 -0.049063 0.975934 -0.212476 88.205170 0.399109 0.214167 0.891541 -4.174646 0.000000 0.000000 0.000000 1.000000
0.923887 -0.040094 -0.380560 2.307394 -0.046678 0.975262 -0.216069 88.136398 0.379808 0.217387 0.899160 -3.952739 0.000000 0.000000 0.000000 1.000000
0.930033 -0.036928 -0.365615 2.487960 -0.046021 0.975400 -0.215585 88.095139 0.364582 0.217327 0.905455 -3.826408 0.000000 0.000000 0.000000 1.000000
0.935515 -0.032982 -0.351743 2.526994 -0.046088 0.975730 -0.214071 88.061623 0.350267 0.216477 0.911291 -3.758010 0.000000 0.000000 0.000000 1.000000
0.940874 -0.029572 -0.337465 2.438381 -0.046196 0.975676 -0.214294 88.034180 0.335594 0.217213 0.916622 -3.736159 0.000000 0.000000 0.000000 1.000000
0.945836 -0.027060 -0.323514 2.218798 -0.046075 0.975244 -0.216279 88.028183 0.321358 0.219470 0.921174 -3.760790 0.000000 0.000000 0.000000 1.000000
0.950041 -0.025275 -0.311099 1.860183 -0.045576 0.974799 -0.218378 88.053299 0.308779 0.221647 0.924948 -3.820413 0.000000 0.000000 0.000000 1.000000
0.953448 -0.023933 -0.300607 1.363174 -0.044691 0.974624 -0.219344 88.100746 0.298228 0.222567 0.928183 -3.903023 0.000000 0.000000 0.000000 1.000000
0.956453 -0.022628 -0.291009 0.750481 -0.043602 0.974728 -0.219098 88.150253 0.288612 0.222245 0.931295 -4.012943 0.000000 0.000000 0.000000 1.000000
0.959568 -0.021060 -0.280688 0.059887 -0.042384 0.975017 -0.218049 88.195869 0.278267 0.221130 0.934703 -4.161417 0.000000 0.000000 0.000000 1.000000
0.962861 -0.019377 -0.269302 -0.685159 -0.040845 0.975489 -0.216226 88.249268 0.266891 0.219195 0.938468 -4.348628 0.000000 0.000000 0.000000 1.000000
0.966022 -0.018058 -0.257829 -1.482854 -0.038701 0.976204 -0.213373 88.320282 0.255547 0.216102 0.942335 -4.566613 0.000000 0.000000 0.000000 1.000000
0.968813 -0.017578 -0.247170 -2.329676 -0.035768 0.977114 -0.209686 88.404205 0.245199 0.211987 0.946012 -4.807284 0.000000 0.000000 0.000000 1.000000
0.971217 -0.018231 -0.237496 -3.206930 -0.032042 0.978004 -0.206108 88.483330 0.236030 0.207786 0.949271 -5.057559 0.000000 0.000000 0.000000 1.000000
0.973267 -0.020071 -0.228799 -4.084126 -0.027687 0.978657 -0.203626 88.552063 0.228002 0.204518 0.951939 -5.299619 0.000000 0.000000 0.000000 1.000000
0.974892 -0.022756 -0.221513 -4.934832 -0.023094 0.979068 -0.202218 88.625343 0.221478 0.202256 0.953960 -5.520923 0.000000 0.000000 0.000000 1.000000
0.975966 -0.025647 -0.216410 -5.749358 -0.018729 0.979505 -0.200547 88.717636 0.217118 0.199780 0.955483 -5.717484 0.000000 0.000000 0.000000 1.000000
0.976396 -0.028306 -0.214125 -6.525604 -0.014841 0.980239 -0.197257 88.831131 0.215478 0.195779 0.956682 -5.887541 0.000000 0.000000 0.000000 1.000000
0.976215 -0.030807 -0.214607 -7.252248 -0.011384 0.981205 -0.192635 88.962166 0.216508 0.190496 0.957515 -6.025746 0.000000 0.000000 0.000000 1.000000
0.975733 -0.033811 -0.216336 -7.905075 -0.007685 0.982109 -0.188155 89.104561 0.218827 0.185252 0.958017 -6.124424 0.000000 0.000000 0.000000 1.000000
0.975391 -0.038200 -0.217150 -8.460729 -0.002636 0.982786 -0.184729 89.250610 0.220468 0.180755 0.958500 -6.182068 0.000000 0.000000 0.000000 1.000000
0.975089 -0.043613 -0.217485 -8.922901 0.003427 0.983325 -0.181823 89.395950 0.221788 0.176548 0.958979 -6.210478 0.000000 0.000000 0.000000 1.000000
0.974151 -0.047985 -0.220741 -9.323804 0.008145 0.984004 -0.177960 89.541191 0.225750 0.171562 0.958960 -6.228582 0.000000 0.000000 0.000000 1.000000
0.972223 -0.049989 -0.228656 -9.681055 0.009986 0.984896 -0.172860 89.696449 0.233843 0.165775 0.958038 -6.241421 0.000000 0.000000 0.000000 1.000000
0.969599 -0.050996 -0.239328 -9.969265 0.010159 0.985589 -0.168853 89.865677 0.244490 0.161288 0.956144 -6.232269 0.000000 0.000000 0.000000 1.000000
0.966630 -0.053395 -0.250552 -10.151381 0.010723 0.985613 -0.168675 90.043404 0.255954 0.160359 0.953296 -6.186306 0.000000 0.000000 0.000000 1.000000
0.963351 -0.057965 -0.261906 -10.211784 0.012468 0.984994 -0.172138 90.223183 0.267954 0.162564 0.949618 -6.097249 0.000000 0.000000 0.000000 1.000000
0.959897 -0.063494 -0.273069 -10.155521 0.015034 0.984272 -0.176017 90.398743 0.279950 0.164853 0.945754 -5.957757 0.000000 0.000000 0.000000 1.000000
0.956771 -0.068274 -0.282714 -9.991477 0.017933 0.984056 -0.176952 90.562103 0.290288 0.164233 0.942741 -5.766342 0.000000 0.000000 0.000000 1.000000
0.954151 -0.071488 -0.290665 -9.727901 0.020736 0.984515 -0.174068 90.710602 0.298608 0.160060 0.940858 -5.532907 0.000000 0.000000 0.000000 1.000000
0.951337 -0.073315 -0.299305 -9.380902 0.022594 0.985267 -0.169525 90.843430 0.307324 0.154513 0.938977 -5.270673 0.000000 0.000000 0.000000 1.000000
0.947540 -0.074346 -0.310869 -8.968548 0.022654 0.985748 -0.166697 90.950813 0.318832 0.150910 0.935720 -4.985645 0.000000 0.000000 0.000000 1.000000
0.942765 -0.075084 -0.324896 -8.497709 0.021007 0.985758 -0.166853 91.024841 0.332797 0.150478 0.930915 -4.676658 0.000000 0.000000 0.000000 1.000000
0.937587 -0.075517 -0.339453 -7.964238 0.018593 0.985627 -0.167912 91.072060 0.347254 0.151120 0.925515 -4.338279 0.000000 0.000000 0.000000 1.000000
0.932441 -0.075235 -0.353404 -7.366343 0.016053 0.985742 -0.167496 91.101898 0.360966 0.150507 0.920354 -3.963666 0.000000 0.000000 0.000000 1.000000
0.927436 -0.074045 -0.366579 -6.718016 0.013263 0.986099 -0.165626 91.120796 0.373747 0.148745 0.915526 -3.553840 0.000000 0.000000 0.000000 1.000000
0.922734 -0.072175 -0.378621 -6.041689 0.009957 0.986447 -0.163777 91.131264 0.385310 0.147353 0.910946 -3.120912 0.000000 0.000000 0.000000 1.000000
0.918738 -0.070074 -0.388600 -5.353096 0.006378 0.986633 -0.162835 91.142517 0.394816 0.147124 0.906904 -2.681304 0.000000 0.000000 0.000000 1.000000
0.915885 -0.068030 -0.395635 -4.659801 0.002941 0.986647 -0.162848 91.172676 0.401431 0.147986 0.903855 -2.250233 0.000000 0.000000 0.000000 1.000000
0.914359 -0.065934 -0.399501 -3.978540 -0.000357 0.986521 -0.163633 91.225250 0.404905 0.149762 0.902011 -1.844386 0.000000 0.000000 0.000000 1.000000
0.914086 -0.063577 -0.400505 -3.335079 -0.003734 0.986273 -0.165084 91.287880 0.405502 0.152396 0.901301 -1.478913 0.000000 0.000000 0.000000 1.000000
0.915083 -0.061317 -0.398577 -2.745108 -0.007044 0.985792 -0.167825 91.341194 0.403204 0.156382 0.901649 -1.155191 0.000000 0.000000 0.000000 1.000000
0.917990 -0.059864 -0.392059 -2.197228 -0.009441 0.984964 -0.172500 91.383080 0.396491 0.162055 0.903622 -0.856957 0.000000 0.000000 0.000000 1.000000
0.923608 -0.058863 -0.378793 -1.666662 -0.010109 0.984057 -0.177566 91.423698 0.383206 0.167831 0.908288 -0.566540 0.000000 0.000000 0.000000 1.000000
0.931158 -0.056919 -0.360145 -1.160811 -0.009603 0.983569 -0.180277 91.464233 0.364489 0.171325 0.915312 -0.293872 0.000000 0.000000 0.000000 1.000000
0.938231 -0.053534 -0.341843 -0.731712 -0.009713 0.983494 -0.180678 91.495224 0.345873 0.172838 0.922225 -0.077064 0.000000 0.000000 0.000000 1.000000
0.943176 -0.049711 -0.328555 -0.427886 -0.011317 0.983368 -0.181273 91.511803 0.332102 0.174690 0.926926 0.061768 0.000000 0.000000 0.000000 1.000000
0.946795 -0.046400 -0.318475 -0.210088 -0.013213 0.983115 -0.182513 91.524330 0.321566 0.177010 0.930195 0.154988 0.000000 0.000000 0.000000 1.000000
0.949333 -0.043312 -0.311272 -0.070394 -0.015420 0.982845 -0.183787 91.530159 0.313893 0.179275 0.932380 0.211380 0.000000 0.000000 0.000000 1.000000
0.951124 -0.040122 -0.306193 0.001358 -0.017905 0.982691 -0.184385 91.534424 0.308291 0.180855 0.933942 0.248129 0.000000 0.000000 0.000000 1.000000
0.952462 -0.037588 -0.302330 0.008524 -0.019796 0.982627 -0.184532 91.561813 0.304014 0.181745 0.935171 0.266984 0.000000 0.000000 0.000000 1.000000</float_array>
        <technique_common>
          <accessor source="#mixamorig_Hips-Matrix-animation-output-transform-array" count="140" stride="16">
            <param type="float4x4"/>
          </accessor>
        </technique_common>
      </source>
      <source id="mixamorig_Hips-Interpolations">
        <Name_array id="mixamorig_Hips-Interpolations-array" count="140">
 LINEAR LINEAR LINEAR LINEAR LINEAR LINEAR LINEAR LINEAR LINEAR LINEAR LINEAR
LINEAR LINEAR LINEAR LINEAR LINEAR LINEAR LINEAR LINEAR LINEAR LINEAR LINEAR LINEAR
LINEAR LINEAR LINEAR LINEAR LINEAR LINEAR LINEAR LINEAR LINEAR LINEAR LINEAR LINEAR
LINEAR LINEAR LINEAR LINEAR LINEAR LINEAR LINEAR LINEAR LINEAR LINEAR LINEAR LINEAR
LINEAR LINEAR LINEAR LINEAR LINEAR LINEAR LINEAR LINEAR LINEAR LINEAR LINEAR LINEAR
LINEAR LINEAR LINEAR LINEAR LINEAR LINEAR LINEAR LINEAR LINEAR LINEAR LINEAR LINEAR
LINEAR LINEAR LINEAR LINEAR LINEAR LINEAR LINEAR LINEAR LINEAR LINEAR LINEAR LINEAR
LINEAR LINEAR LINEAR LINEAR LINEAR LINEAR LINEAR LINEAR LINEAR LINEAR LINEAR LINEAR
LINEAR LINEAR LINEAR LINEAR LINEAR LINEAR LINEAR LINEAR LINEAR LINEAR LINEAR LINEAR
LINEAR LINEAR LINEAR LINEAR LINEAR LINEAR LINEAR LINEAR LINEAR LINEAR LINEAR LINEAR
LINEAR LINEAR LINEAR LINEAR LINEAR LINEAR LINEAR LINEAR LINEAR LINEAR LINEAR LINEAR
LINEAR LINEAR LINEAR LINEAR LINEAR LINEAR LINEAR LINEAR LINEAR</Name_array>
        <technique_common>
          <accessor source="#mixamorig_Hips-Interpolations-array" count="140">
            <param type="name"/>
          </accessor>
        </technique_common>
      </source>
      <sampler id="mixamorig_Hips-Matrix-animation-transform">
        <input semantic="INPUT" source="#mixamorig_Hips-Matrix-animation-input"/>
        <input semantic="OUTPUT" source="#mixamorig_Hips-Matrix-animation-output-transform"/>
        <input semantic="INTERPOLATION" source="#mixamorig_Hips-Interpolations"/>
      </sampler>
      <channel source="#mixamorig_Hips-Matrix-animation-transform" target="mixamorig_Hips/matrix"/>
    </animation>
    <animation id="mixamorig_Spine-anim" name="mixamorig_Spine">
      <source id="mixamorig_Spine-Matrix-animation-input">
        <float_array id="mixamorig_Spine-Matrix-animation-input-array" count="140">

0.000000 0.033333 0.066667 0.100000 0.133333 0.166667 0.200000 0.233333 0.266667 0.300000 0.333333 0.366667 0.400000 0.433333 0.466667 0.500000
0.533333 0.566667 0.600000 0.633333 0.666667 0.700000 0.733333 0.766667 0.800000 0.833333 0.866667 0.900000 0.933333 0.966667 1.000000 1.033333
1.066667 1.100000 1.133333 1.166667 1.200000 1.233333 1.266667 1.300000 1.333333 1.366667 1.400000 1.433333 1.466667 1.500000 1.533333 1.566667
1.600000 1.633333 1.666667 1.700000 1.733333 1.766667 1.800000 1.833333 1.866667 1.900000 1.933333 1.966667 2.000000 2.033333 2.066667 2.100000
2.133333 2.166667 2.200000 2.233333 2.266667 2.300000 2.333333 2.366667 2.400000 2.433333 2.466667 2.500000 2.533333 2.566667 2.600000 2.633333
2.666667 2.700000 2.733333 2.766667 2.800000 2.833333 2.866667 2.900000 2.933333 2.966667 3.000000 3.033333 3.066667 3.100000 3.133333 3.166667
3.200000 3.233333 3.266667 3.300000 3.333333 3.366667 3.400000 3.433333 3.466667 3.500000 3.533333 3.566667 3.600000 3.633333 3.666667 3.700000
3.733333 3.766667 3.800000 3.833333 3.866667 3.900000 3.933333 3.966667 4.000000 4.033333 4.066667 4.100000 4.133333 4.166667 4.200000 4.233333
4.266667 4.300000 4.333333 4.366667 4.400000 4.433333 4.466667 4.500000 4.533333 4.566667 4.600000 4.633333</float_array>
        <technique_common>
          <accessor source="#mixamorig_Spine-Matrix-animation-input-array" count="140">
            <param name="TIME" type="float"/>
          </accessor>
        </technique_common>
      </source>
      <source id="mixamorig_Spine-Matrix-animation-output-transform">
        <float_array id="mixamorig_Spine-Matrix-animation-output-transform-array" count="2240">

0.999550 0.005979 -0.029391 -0.002400 -0.009727 0.991585 -0.129091 12.777500 0.028372 0.129318 0.991197 0.315300 0.000000 0.000000 0.000000 1.000000
0.999623 0.007631 -0.026380 -0.002400 -0.010968 0.991616 -0.128754 12.777500 0.025176 0.128995 0.991326 0.315300 0.000000 0.000000 0.000000 1.000000
0.999676 0.010325 -0.023284 -0.002400 -0.013184 0.991921 -0.126172 12.777500 0.021794 0.126438 0.991735 0.315300 0.000000 0.000000 0.000000 1.000000
0.999694 0.013872 -0.020489 -0.002400 -0.016255 0.992498 -0.121174 12.777500 0.018655 0.121470 0.992420 0.315300 0.000000 0.000000 0.000000 1.000000
0.999682 0.017148 -0.018472 -0.002400 -0.019143 0.993308 -0.113898 12.777500 0.016395 0.114216 0.993321 0.315300 0.000000 0.000000 0.000000 1.000000
0.999667 0.018954 -0.017500 -0.002400 -0.020724 0.994022 -0.107200 12.777500 0.015363 0.107527 0.994083 0.315300 0.000000 0.000000 0.000000 1.000000
0.999656 0.018906 -0.018196 -0.002400 -0.020707 0.994309 -0.104502 12.777500 0.016117 0.104843 0.994358 0.315300 0.000000 0.000000 0.000000 1.000000
0.999673 0.015077 -0.020667 -0.002400 -0.017230 0.993968 -0.108313 12.777500 0.018909 0.108634 0.993902 0.315300 0.000000 0.000000 0.000000 1.000000
0.999691 0.007409 -0.023737 -0.002400 -0.010192 0.992797 -0.119371 12.777500 0.022682 0.119577 0.992566 0.315300 0.000000 0.000000 0.000000 1.000000
0.999653 0.000004 -0.026350 -0.002400 -0.003613 0.990579 -0.136897 12.777500 0.026101 0.136944 0.990235 0.315300 0.000000 0.000000 0.000000 1.000000
0.999561 -0.003699 -0.029411 -0.002400 -0.001011 0.987355 -0.158521 12.777500 0.029626 0.158481 0.986918 0.315300 0.000000 0.000000 0.000000 1.000000
0.999407 -0.003646 -0.034250 -0.002400 -0.002578 0.983674 -0.179939 12.777500 0.034347 0.179921 0.983081 0.315300 0.000000 0.000000 0.000000 1.000000
0.999204 -0.001374 -0.039863 -0.002400 -0.006483 0.980524 -0.196292 12.777500 0.039357 0.196394 0.979735 0.315300 0.000000 0.000000 0.000000 1.000000
0.999046 0.001772 -0.043639 -0.002400 -0.010706 0.978630 -0.205350 12.777500 0.042342 0.205621 0.977715 0.315300 0.000000 0.000000 0.000000 1.000000
0.999010 0.004913 -0.044207 -0.002400 -0.014060 0.977801 -0.209064 12.777500 0.042199 0.209478 0.976902 0.315300 0.000000 0.000000 0.000000 1.000000
0.999107 0.007120 -0.041636 -0.002400 -0.015749 0.977409 -0.210770 12.777500 0.039195 0.211238 0.976649 0.315300 0.000000 0.000000 0.000000 1.000000
0.999322 0.007701 -0.036002 -0.002400 -0.015106 0.977539 -0.210211 12.777500 0.033575 0.210613 0.976993 0.315300 0.000000 0.000000 0.000000 1.000000
0.999584 0.007149 -0.027946 -0.002400 -0.012657 0.979259 -0.202215 12.777500 0.025921 0.202485 0.978942 0.315300 0.000000 0.000000 0.000000 1.000000
0.999792 0.006349 -0.019369 -0.002400 -0.009768 0.983268 -0.181902 12.777500 0.017890 0.182053 0.983126 0.315300 0.000000 0.000000 0.000000 1.000000
0.999912 0.005286 -0.012137 -0.002400 -0.007059 0.988507 -0.151008 12.777500 0.011199 0.151080 0.988458 0.315300 0.000000 0.000000 0.000000 1.000000
0.999971 0.003762 -0.006691 -0.002400 -0.004523 0.993053 -0.117583 12.777500 0.006202 0.117609 0.993041 0.315300 0.000000 0.000000 0.000000 1.000000
0.999994 0.001698 -0.003063 -0.002400 -0.001964 0.996008 -0.089246 12.777500 0.002899 0.089251 0.996005 0.315300 0.000000 0.000000 0.000000 1.000000
0.999999 -0.000891 -0.001337 -0.002400 0.000799 0.997702 -0.067757 12.777500 0.001394 0.067756 0.997701 0.315300 0.000000 0.000000 0.000000 1.000000
0.999996 -0.002757 -0.000575 -0.002400 0.002725 0.998757 -0.049763 12.777500 0.000711 0.049762 0.998761 0.315300 0.000000 0.000000 0.000000 1.000000
0.999988 -0.004963 -0.000021 -0.002400 0.004960 0.999495 -0.031398 12.777500 0.000177 0.031397 0.999507 0.315300 0.000000 0.000000 0.000000 1.000000
0.999979 -0.006426 -0.000740 -0.002400 0.006416 0.999910 -0.011751 12.777500 0.000815 0.011746 0.999931 0.315300 0.000000 0.000000 0.000000 1.000000
0.999970 -0.006732 -0.003838 -0.002400 0.006760 0.999950 0.007378 12.777500 0.003789 -0.007404 0.999965 0.315300 0.000000 0.000000 0.000000 1.000000
0.999954 -0.005120 -0.008063 -0.002400 0.005311 0.999702 0.023826 12.777500 0.007939 -0.023867 0.999684 0.315300 0.000000 0.000000 0.000000 1.000000
0.999943 -0.000827 -0.010689 -0.002400 0.001217 0.999331 0.036554 12.777500 0.010652 -0.036565 0.999275 0.315300 0.000000 0.000000 0.000000 1.000000
0.999942 0.003788 -0.010083 -0.002400 -0.003323 0.998949 0.045721 12.777500 0.010245 -0.045685 0.998903 0.315300 0.000000 0.000000 0.000000 1.000000
0.999950 0.007274 -0.006831 -0.002400 -0.006907 0.998604 0.052363 12.777500 0.007202 -0.052314 0.998605 0.315300 0.000000 0.000000 0.000000 1.000000
0.999949 0.009770 -0.002376 -0.002400 -0.009617 0.998288 0.057692 12.777500 0.002936 -0.057666 0.998332 0.315300 0.000000 0.000000 0.000000 1.000000
0.999921 0.012405 0.001936 -0.002400 -0.012501 0.998007 0.061859 12.777500 -0.001165 -0.061879 0.998083 0.315300 0.000000 0.000000 0.000000 1.000000
0.999870 0.015231 0.005368 -0.002400 -0.015542 0.997846 0.063733 12.777500 -0.004386 -0.063808 0.997953 0.315300 0.000000 0.000000 0.000000 1.000000
0.999823 0.017002 0.008068 -0.002400 -0.017471 0.997909 0.062223 12.777500 -0.006993 -0.062353 0.998030 0.315300 0.000000 0.000000 0.000000 1.000000
0.999790 0.017361 0.010851 -0.002400 -0.017951 0.998224 0.056803 12.777500 -0.009845 -0.056986 0.998326 0.315300 0.000000 0.000000 0.000000 1.000000
0.999764 0.016474 0.014193 -0.002400 -0.017112 0.998791 0.046076 12.777500 -0.013417 -0.046308 0.998837 0.315300 0.000000 0.000000 0.000000 1.000000
0.999652 0.020002 0.017212 -0.002400 -0.020467 0.999417 0.027313 12.777500 -0.016656 -0.027656 0.999479 0.315300 0.000000 0.000000 0.000000 1.000000
0.999458 0.026505 0.019533 -0.002400 -0.026489 0.999649 -0.001083 12.777500 -0.019555 0.000565 0.999809 0.315300 0.000000 0.000000 0.000000 1.000000
0.999239 0.032899 0.020967 -0.002400 -0.032104 0.998793 -0.037174 12.777500 -0.022164 0.036472 0.999089 0.315300 0.000000 0.000000 0.000000 1.000000
0.999106 0.036749 0.020888 -0.002400 -0.035078 0.996538 -0.075382 12.777500 -0.023586 0.074582 0.996936 0.315300 0.000000 0.000000 0.000000 1.000000
0.999110 0.037361 0.019564 -0.002400 -0.035010 0.993404 -0.109189 12.777500 -0.023514 0.108407 0.993828 0.315300 0.000000 0.000000 0.000000 1.000000
0.999072 0.040245 0.015326 -0.002400 -0.037804 0.990061 -0.135463 12.777500 -0.020625 0.134758 0.990664 0.315300 0.000000 0.000000 0.000000 1.000000
0.999002 0.043714 0.009161 -0.002400 -0.041753 0.986877 -0.155984 12.777500 -0.015859 0.155446 0.987717 0.315300 0.000000 0.000000 0.000000 1.000000
0.999030 0.044005 0.001270 -0.002400 -0.043109 0.983719 -0.174469 12.777500 -0.008926 0.174245 0.984662 0.315300 0.000000 0.000000 0.000000 1.000000
0.999144 0.040642 -0.007756 -0.002400 -0.041375 0.980442 -0.192410 12.777500 -0.000216 0.192566 0.981284 0.315300 0.000000 0.000000 0.000000 1.000000
0.999177 0.037819 -0.014666 -0.002400 -0.040053 0.977039 -0.209260 12.777500 0.006415 0.209675 0.977750 0.315300 0.000000 0.000000 0.000000 1.000000
0.999091 0.038479 -0.018319 -0.002400 -0.041622 0.973369 -0.225433 12.777500 0.009157 0.225990 0.974087 0.315300 0.000000 0.000000 0.000000 1.000000
0.998992 0.040426 -0.019520 -0.002400 -0.043955 0.969204 -0.242306 12.777500 0.009123 0.242920 0.970003 0.315300 0.000000 0.000000 0.000000 1.000000
0.999025 0.039355 -0.019982 -0.002400 -0.043193 0.964854 -0.259214 12.777500 0.009078 0.259824 0.965613 0.315300 0.000000 0.000000 0.000000 1.000000
0.999166 0.034944 -0.021134 -0.002400 -0.039387 0.961296 -0.272689 12.777500 0.010787 0.273294 0.961870 0.315300 0.000000 0.000000 0.000000 1.000000
0.999275 0.030630 -0.022616 -0.002400 -0.035737 0.959451 -0.279601 12.777500 0.013135 0.280206 0.959850 0.315300 0.000000 0.000000 0.000000 1.000000
0.999322 0.028453 -0.023357 -0.002400 -0.033865 0.959320 -0.280282 12.777500 0.014432 0.280883 0.959633 0.315300 0.000000 0.000000 0.000000 1.000000
0.999337 0.028467 -0.022682 -0.002400 -0.033658 0.959933 -0.278202 12.777500 0.013853 0.278781 0.960255 0.315300 0.000000 0.000000 0.000000 1.000000
0.999350 0.029496 -0.020714 -0.002400 -0.034081 0.960313 -0.276836 12.777500 0.011726 0.277362 0.960694 0.315300 0.000000 0.000000 0.000000 1.000000
0.999389 0.029732 -0.018378 -0.002400 -0.033663 0.960267 -0.277045 12.777500 0.009411 0.277494 0.960681 0.315300 0.000000 0.000000 0.000000 1.000000
0.999458 0.028438 -0.016561 -0.002400 -0.031918 0.960227 -0.277390 12.777500 0.008014 0.277768 0.960615 0.315300 0.000000 0.000000 0.000000 1.000000
0.999529 0.026472 -0.015515 -0.002400 -0.029731 0.960589 -0.276378 12.777500 0.007587 0.276709 0.960924 0.315300 0.000000 0.000000 0.000000 1.000000
0.999571 0.025154 -0.015018 -0.002400 -0.028307 0.961335 -0.273924 12.777500 0.007547 0.274232 0.961634 0.315300 0.000000 0.000000 0.000000 1.000000
0.999569 0.025236 -0.014986 -0.002400 -0.028354 0.962180 -0.270933 12.777500 0.007582 0.271242 0.962481 0.315300 0.000000 0.000000 0.000000 1.000000
0.999524 0.026752 -0.015366 -0.002400 -0.029895 0.962891 -0.268228 12.777500 0.007620 0.268560 0.963233 0.315300 0.000000 0.000000 0.000000 1.000000
0.999445 0.028958 -0.016474 -0.002400 -0.032301 0.963399 -0.266117 12.777500 0.008165 0.266501 0.963800 0.315300 0.000000 0.000000 0.000000 1.000000
0.999346 0.031368 -0.018006 -0.002400 -0.035017 0.963727 -0.264583 12.777500 0.009054 0.265040 0.964195 0.315300 0.000000 0.000000 0.000000 1.000000
0.999225 0.033971 -0.019865 -0.002400 -0.038007 0.963964 -0.263303 12.777500 0.010204 0.263854 0.964509 0.315300 0.000000 0.000000 0.000000 1.000000
0.999064 0.037178 -0.022101 -0.002400 -0.041669 0.964307 -0.261489 12.777500 0.011590 0.262165 0.964953 0.315300 0.000000 0.000000 0.000000 1.000000
0.998856 0.040838 -0.024892 -0.002400 -0.045889 0.964992 -0.258234 12.777500 0.013475 0.259080 0.965762 0.315300 0.000000 0.000000 0.000000 1.000000
0.998627 0.044124 -0.028249 -0.002400 -0.049852 0.966101 -0.253306 12.777500 0.016114 0.254366 0.966974 0.315300 0.000000 0.000000 0.000000 1.000000
0.998412 0.046757 -0.031427 -0.002400 -0.053095 0.967447 -0.247440 12.777500 0.018834 0.248715 0.968394 0.315300 0.000000 0.000000 0.000000 1.000000
0.998236 0.049093 -0.033388 -0.002400 -0.055730 0.968712 -0.241851 12.777500 0.020471 0.243285 0.969739 0.315300 0.000000 0.000000 0.000000 1.000000
0.998117 0.051085 -0.033967 -0.002400 -0.057708 0.969712 -0.237335 12.777500 0.020814 0.238849 0.970834 0.315300 0.000000 0.000000 0.000000 1.000000
0.998046 0.052346 -0.034111 -0.002400 -0.058891 0.970515 -0.233737 12.777500 0.020870 0.235289 0.971701 0.315300 0.000000 0.000000 0.000000 1.000000
0.997985 0.052922 -0.034990 -0.002400 -0.059580 0.971309 -0.230237 12.777500 0.021801 0.231858 0.972505 0.315300 0.000000 0.000000 0.000000 1.000000
0.997885 0.053401 -0.037052 -0.002400 -0.060427 0.972195 -0.226240 12.777500 0.023941 0.228001 0.973367 0.315300 0.000000 0.000000 0.000000 1.000000
0.997744 0.054016 -0.039873 -0.002400 -0.061554 0.973093 -0.222039 12.777500 0.026807 0.223992 0.974222 0.315300 0.000000 0.000000 0.000000 1.000000
0.997619 0.054138 -0.042732 -0.002400 -0.062205 0.973874 -0.218402 12.777500 0.029791 0.220540 0.974923 0.315300 0.000000 0.000000 0.000000 1.000000
0.997553 0.053296 -0.045241 -0.002400 -0.061839 0.974548 -0.215480 12.777500 0.032606 0.217751 0.975460 0.315300 0.000000 0.000000 0.000000 1.000000
0.997521 0.052054 -0.047356 -0.002400 -0.060980 0.975254 -0.212510 12.777500 0.035122 0.214871 0.976011 0.315300 0.000000 0.000000 0.000000 1.000000
0.997473 0.051300 -0.049147 -0.002400 -0.060490 0.976072 -0.208866 12.777500 0.037256 0.211311 0.976708 0.315300 0.000000 0.000000 0.000000 1.000000
0.997401 0.051129 -0.050756 -0.002400 -0.060510 0.976888 -0.205010 12.777500 0.039101 0.207548 0.977443 0.315300 0.000000 0.000000 0.000000 1.000000
0.997344 0.050869 -0.052127 -0.002400 -0.060416 0.977515 -0.202025 12.777500 0.040678 0.204638 0.977992 0.315300 0.000000 0.000000 0.000000 1.000000
0.997358 0.049881 -0.052818 -0.002400 -0.059524 0.977890 -0.200470 12.777500 0.041651 0.203084 0.978275 0.315300 0.000000 0.000000 0.000000 1.000000
0.997479 0.048061 -0.052201 -0.002400 -0.057594 0.978103 -0.199996 12.777500 0.041446 0.202498 0.978405 0.315300 0.000000 0.000000 0.000000 1.000000
0.997697 0.045880 -0.049954 -0.002400 -0.054997 0.978261 -0.199952 12.777500 0.039694 0.202239 0.978532 0.315300 0.000000 0.000000 0.000000 1.000000
0.997958 0.043887 -0.046410 -0.002400 -0.052330 0.978387 -0.200054 12.777500 0.036628 0.202074 0.978685 0.315300 0.000000 0.000000 0.000000 1.000000
